2
3
4
9
10
11
18
20
21
23
25
26
29
31
32
34
37
38
39
40
41
43
48
49
50
51
53
54
56
59
60
61
62
63
65
66
67
68
70
72
73
76
79
80
82
83
84
86
87
88
91
93
95
100
101
103
104
105
113
114
115
116
120
122
123
130
131
132
133
134
136
140
142
145
146
148
161
163
164
167
169
173
176
185
188
190
193
198
199
202
205
207
208
209
212
219
222
223
228
229
231
235
243
249
250
260
262
264
265
266
268
275
279
281
285
287
289
298
300
301
305
306
308
309
311
313
315
316
317
319
321
323
324
325
327
329
330
331
332
333
334
338
344
345
346
347
350
356
357
361
362
365
367
372
374
375
376
377
385
386
387
388
390
396
398
399
406
407
409
412
414
416
418
420
421
422
425
430
431
432
438
441
444
451
453
454
462
463
464
466
468
469
472
473
475
476
477
479
481
482
487
488
489
490
496
501
502
504
505
507
508
509
510
511
512
513
514
515
519
520
524
525
526
527
530
539
540
541
543
547
551
552
553
554
555
556
559
562
565
566
570
571
572
583
584
586
593
594
595
596
597
599
601
603
609
611
612
613
614
615
619
623
624
625
627
628
629
630
631
640
641
646
647
653
659
664
665
669
672
675
676
677
678
680
684
686
687
689
690
693
694
697
699
701
703
705
711
712
713
715
716
720
722
723
724
725
727
728
734
735
739
740
743
745
747
749
750
751
752
753
754
755
756
758
759
760
764
766
767
774
775
777
780
781
782
783
789
790
791
793
794
795
796
797
798
801
803
806
816
821
823
824
829
830
833
837
839
840
846
848
849
854
855
859
861
866
867
868
870
873
875
876
877
878
880
883
889
894
899
900
901
902
905
908
909
911
913
914
919
920
924
926
931
932
935
940
953
958
959
963
967
970
982
985
993
995
998
999
1007
1010
1020
1022
1023
1027
1032
1036
1037
1040
1042
1043
1045
1047
1050
1052
1056
1066
1070
1075
1076
1077
1078
1090
1096
1098
1101
1105
1109
1110
1112
1118
1121
1123
1124
1128
1130
1135
1137
1140
1141
1143
1144
1149
1150
1153
1161
1172
1175
1187
1188
1195
1198
1199
1201
1202
1204
1218
1221
1227
1231
1232
1243
1248
1249
1252
1253
1254
1259
1262
1270
1271
1278
1280
1287
1290
1307
1315
1317
1319
1325
1326
1329
1330
1331
1334
1340
1342
1343
1346
1357
1358
1378
1381
1384
1387
1389
1393
1394
1398
1401
1404
1405
1406
1409
1424
1427
1432
1437
1439
1449
1452
1459
1460
1462
1464
1471
1481
1483
1485
1486
1488
1489
1490
1499
1500
1511
1512
1524
1526
1535
1541
1546
1551
1553
1556
1562
1564
1567
1570
1576
1582
1587
1588
1593
1603
1612
1615
1619
1625
1628
1630
1631
1647
1650
1659
1660
1661
1663
1665
1667
1668
1669
1672
1675
1679
1681
1682
1690
1697
1701
1703
1705
1706
1711
1718
1725
1732
1742
1743
1746
1747
1763
1764
1767
1771
1774
1777
1779
1781
1783
1785
1790
1792
1794
1795
1797
1812
1813
1819
1828
1833
1834
1836
1844
1845
1851
1854
1858
1860
1864
1866
1867
1869
1870
1871
1872
1880
1885
1895
1897
1904
1906
1909
1910
1914
1920
1929
1931
1932
1933
1941
1946
1947
1948
1954
1956
1957
1959
1976
1977
1978
1985
1989
1991
1993
1998
2001
2002
2016
2020
2029
2043
2044
2048
2054
2056
2059
2060
2061
2071
2072
2075
2078
2079
2086
2090
2091
2094
2098
2104
2105
2106
2107
2111
2112
2117
2121
2122
2125
2126
2129
2133
2136
2148
2157
2162
2164
2171
2179
2183
2184
2185
2186
2187
2191
2192
2193
2197
2198
2199
2201
2202
2207
2208
2212
2213
2214
2222
2225
2227
2232
2233
2235
2236
2237
2240
2241
2243
2246
2258
2261
2263
2266
2269
2274
2287
2288
2292
2295
2296
2297
2298
2306
2314
2318
2322
2323
2330
2331
2337
2338
2339
2347
2348
2363
2364
2367
2376
2378
2390
2393
2394
2397
2398
2399
2402
2403
2404
2406
2416
2417
2423
2424
2425
2432
2435
2437
2438
2440
2446
2447
2448
2450
2454
2458
2470
2474
2477
2478
2480
2484
2485
2487
2488
2490
2493
2495
2498
2509
2515
2522
2525
2528
2529
2531
2532
2535
2543
2544
2554
2555
2556
2566
2571
2573
2580
2583
2587
2597
2598
2617
2624
2625
2626
2627
2631
2640
2655
2657
2661
2666
2674
2676
2682
2688
2692
2693
2696
2705
2708
2711
2718
2725
2732
2733
2735
2739
2743
2746
2748
2749
2762
2764
2772
2773
2775
2778
2780
2793
2794
2796
2797
2808
2809
2811
2826
2827
2828
2830
2835
2836
2837
2840
2841
2850
2854
2856
2861
2863
2864
2870
2873
2881
2882
2889
2903
2907
2908
2909
2910
2912
2922
2925
2928
2929
2930
2936
2948
2950
2959
2960
2963
2965
2968
2980
2984
2985
2986
2988
2993
2997
2998
2999
3000
3001
3002
3004
3006
3013
3016
3017
3023
3024
3025
3029
3030
3036
3046
3049
3050
3053
3057
3059
3061
3062
3063
3069
3084
3089
3094
3099
3102
3110
3114
3115
3117
3119
3124
3126
3128
3132
3135
3137
3140
3144
3148
3155
3162
3168
3170
3175
3176
3178
3183
3188
3195
3198
3199
3201
3206
3212
3215
3216
3223
3227
3228
3230
3235
3236
3241
3243
3244
3248
3249
3251
3254
3255
3256
3267
3278
3282
3290
3291
3292
3305
3309
3312
3322
3324
3329
3336
3343
3350
3355
3357
3358
3361
3365
3373
3375
3376
3381
3382
3388
3389
3390
3392
3393
3394
3403
3404
3406
3407
3410
3417
3418
3420
3421
3429
3430
3434
3436
3437
3441
3442
3447
3452
3459
3461
3462
3466
3469
3474
3476
3479
3483
3487
3496
3501
3502
3503
3504
3505
3509
3513
3514
3515
3516
3518
3524
3526
3534
3536
3538
3539
3543
3546
3548
3554
3557
3559
3565
3568
3576
3581
3582
3583
3586
3590
3593
3594
3600
3602
3603
3604
3605
3609
3618
3626
3627
3635
3637
3638
3641
3644
3650
3651
3652
3653
3656
3664
3667
3668
3678
3685
3690
3698
3702
3704
3711
3718
3719
3722
3736
3737
3745
3755
3760
3765
3767
3770
3777
3786
3789
3793
3796
3798
3799
3801
3807
3813
3821
3829
3854
3858
3863
3865
3866
3870
3875
3892
3893
3907
3908
3911
3927
3928
3942
3948
3949
3953
3958
3960
3963
3968
3977
3978
3989
3994
3995
3998
4001
4009
4012
4019
4029
4031
4035
4037
4038
4039
4046
4070
4079
4082
4083
4089
4090
4095
4100
4110
4116
4124
4125
4136
4138
4144
4149
4161
4163
4173
4182
4184
4197
4203
4205
4207
4215
4216
4233
4234
4240
4241
4242
4252
4253
4254
4257
4265
4266
4270
4282
4283
4284
4286
4291
4296
4297
4300
4302
4309
4311
4314
4315
4316
4322
4340
4341
4343
4357
4366
4374
4386
4388
4390
4401
4408
4413
4421
4425
4449
4452
4453
4679
4683
4709
4806
4879
4882
4898
4899
4904
5000
5001
5003
5009
5011
5026
5036
5042
5047
5049
5050
5053
5060
5066
5069
5072
5081
5087
5096
5100
5102
5120
5126
5130
5133
5134
5148
5150
5154
5155
5158
5159
5167
5169
5176
5178
5180
5181
5184
5185
5186
5191
5203
5209
5210
5214
5225
5230
5245
5247
5248
5249
5250
5251
5252
5256
5263
5269
5275
5278
5285
5294
5300
5301
5304
5308
5309
5311
5314
5319
5322
5323
5334
5338
5342
5346
5355
5359
5361
5363
5374
5376
5378
5381
5383
5385
5389
5391
5393
5397
5398
5399
5402
5406
5407
5410
5418
5431
5435
5440
5448
5458
5460
5466
5467
5472
5475
5478
5484
5487
5493
5494
5496
5504
5506
5606
5611
5623
5632
5633
5651
5657
5661
5670
5680
5685
5690
5693
5697
5698
5717
5764
5774
5776
5777
5781
5792
5798
5823
5845
5857
5859
5862
5867
5881
5907
5927
5940
5941
5953
5957
5958
5967
5969
5971
5974
5977
5979
5996
6004
6007
6010
6017
6021
6037
6043
6044
6047
6069
6075
6076
6078
6082
6105
6106
6107
6112
6121
6123
6124
6125
6132
6142
6158
6159
6161
6163
6169
6178
6183
6184
6187
6193
6197
6215
6216
6218
6220
6221
6226
6234
6237
6247
6249
6250
6255
6260
6271
6277
6281
6282
6284
6285
6292
6293
6296
6304
6305
6312
6320
6321
6336
6346
6359
6361
6362
6363
6368
6369
6376
6380
6381
6382
6390
6398
6400
6401
6403
6405
6413
6414
6428
6439
6443
6458
6461
6463
6466
6470
6482
6486
6490
6491
6501
6514
6516
6517
6518
6524
6532
6539
6540
6546
6551
6554
6555
6564
6566
6567
6575
6577
6578
6579
6580
6586
6589
6592
6594
6596
6604
6609
6615
6619
6620
6621
6622
6625
6626
6627
6631
6632
6633
6634
6635
6647
6652
6655
6659
6661
6662
6663
6670
6675
6679
6681
6694
6695
6699
6722
6728
6731
6732
6734
6736
6740
6742
6747
6750
6751
6756
6757
6758
6762
6769
6772
6774
6775
6780
6784
6789
6790
6793
6794
6795
6796
6801
6802
6810
6812
6813
6815
6820
6822
6828
6829
6833
6837
6839
6845
6848
6857
6862
6863
6864
6866
6871
6873
6874
6888
6894
6895
6897
6902
6905
6906
6907
6908
6914
6917
6918
6924
6925
6928
6929
6930
6939
6940
6945
6947
6950
6956
6957
6958
6959
6963
6964
6966
6967
6971
6972
6974
6980
6996
6998
6999
7001
7010
7011
7012
7013
7014
7017
7018
7021
7025
7026
7030
7031
7033
7037
7038
7040
7046
7051
7058
7059
7065
7066
7070
7072
7077
7081
7083
7089
7092
7093
7094
7101
7103
7107
7109
7110
7111
7113
7115
7117
7118
7119
7123
7125
7129
7130
7136
7144
7146
7147
7148
7152
7154
7164
7166
7169
7170
7172
7173
7174
7178
7182
7183
7184
7187
7191
7192
7201
7202
7206
7210
7211
7217
7223
7238
7242
7245
7246
7250
7254
7259
7263
7265
7267
7270
7277
7278
7279
7284
7286
7289
7291
7295
7296
7297
7299
7301
7302
7303
7304
7305
7309
7310
7313
7315
7316
7320
7323
7324
7325
7328
7329
7336
7340
7341
7342
7344
7346
7353
7360
7361
7362
7365
7368
7369
7372
7377
7378
7382
7383
7388
7389
7394
7395
7396
7399
7400
7401
7404
7405
7410
7411
7414
7420
7421
7423
7424
7425
7427
7430
7431
7432
7437
7438
7440
7441
7442
7446
7447
7449
7452
7456
7461
7462
7463
7465
7471
7474
7477
7486
7488
7493
7499
7501
7502
7506
7507
7512
7514
7517
7519
7525
7529
7531
7532
7534
7536
7537
7539
7541
7548
7551
7554
7555
7556
7560
7568
7569
7570
7573
7575
7580
7583
7585
7594
7597
7598
7600
7605
7606
7611
7612
7613
7614
7616
7617
7619
7621
7623
7629
7631
7635
7637
7638
7645
7646
7648
7652
7654
7655
7656
7658
7659
7661
7665
7667
7668
7669
7671
7680
7682
7683
7684
7685
7691
7693
7694
7696
7699
7700
7702
7705
7708
7711
7713
7716
7717
7721
7723
7727
7730
7731
7734
7735
7736
7738
7739
7745
7749
7754
7756
7762
7763
7769
7770
7772
7776
7779
7782
7784
7789
7793
7809
7819
7820
7822
7828
7829
7830
7832
7834
7839
7843
7850
7852
7862
7868
7870
7874
7876
7880
7881
7882
7884
7886
7887
7894
7897
7899
7900
7905
7907
7908
7910
7913
7918
7919
7921
7927
7929
7932
7939
7943
7952
7955
7957
7958
7961
7962
7963
7965
7966
7970
7973
7975
7976
7981
7995
7996
7998
7999
8000
8001
8007
8010
8014
8024
8026
8028
8032
8035
8039
8040
8041
8052
8056
8059
8060
8067
8068
8073
8076
8083
8085
8089
8096
8097
8099
8112
8124
8127
8129
8142
8143
8144
8158
8166
8171
8173
8174
8178
8180
8182
8186
8187
8192
8193
8194
8197
8199
8200
8206
8207
8209
8210
8215
8216
8217
8219
8225
8234
8237
8242
8246
8258
8259
8260
8268
8275
8278
8282
8288
8290
8291
8292
8295
8297
8299
8300
8301
8303
8323
8326
8327
8329
8330
8334
8342
8348
8350
8351
8352
8353
8359
8361
8362
8365
8374
8382
8383
8384
8392
8397
8408
8410
8411
8420
8427
8435
8436
8438
8446
8452
8453
8454
8461
8467
8469
8471
8478
8487
8494
8500
8503
8509
8517
8520
8522
8528
8530
8531
8543
8548
8555
8556
8558
8561
8564
8580
8587
8591
8593
8603
8622
8642
8643
8647
8658
8663
8665
8671
8678
8679
8686
8687
8698
8728
8733
8755
10000
10004
10006
10009
10010
10011
10012
10015
10017
10018
10019
10020
10028
10030
10031
10032
10033
10034
10036
10038
10044
10050
10065
10073
10075
10078
10081
10083
10091
10100
10102
10105
10111
10116
10117
10118
10121
10128
10130
10133
10141
10147
10148
10150
10151
10158
10161
10164
10169
10170
10182
10184
10191
10194
10204
10205
10208
10215
10216
10222
10224
10225
10226
10232
10234
10244
10249
10253
10254
10260
10262
10263
10264
10266
10269
10273
10275
10279
10286
10288
10290
10292
10293
10297
10299
10300
10301
10306
10307
10317
10323
10324
10332
10343
10356
10358
10359
10362
10367
10375
10378
10384
10385
10388
10391
10397
10399
10400
10403
10409
10410
10412
10414
10417
10437
10446
10448
10450
10465
10467
10471
10474
10480
10485
10489
10494
10501
10502
10504
10507
10509
10510
10511
10517
10518
10521
10525
10529
10530
10533
10537
10538
10541
10545
10547
10549
10554
10565
10570
10571
10578
10579
10580
10582
10590
10592
10596
10598
10604
10606
10607
10608
10609
10619
10620
10628
10629
10634
10635
10637
10639
10641
10645
10652
10666
10668
10670
10673
10674
10677
10684
10690
10695
10698
10702
10706
10707
10711
10712
10715
10721
10722
10725
10735
10736
10737
10739
10740
10742
10752
10759
10766
10770
10774
10780
10786
10793
10813
10815
10816
10821
10823
10825
10828
10863
10869
10870
10880
10883
10885
10890
10902
10905
10908
10924
10925
10929
10938
10939
10948
10956
10959
10963
10976
10983
10993
10999
11002
11004
11025
11028
11039
11043
11053
11060
11063
11064
11065
11067
11069
11076
11081
11085
11097
11105
11123
11129
11143
11145
11148
11173
11176
11181
11194
11200
11206
11217
11218
11224
11226
11236
11238
11241
11247
11271
11286
11290
11351
11363
11469
11490
11518
11525
11529
11537
11576
11604
11643
11687
11691
11707
11708
11722
11729
11735
11745
11761
11764
11768
11802
11808
11826
11830
11852
11853
11869
11877
11896
12060
12622
12667
12955
12956
12957
12963
12965
12968
12969
12976
12981
12984
12992
12997
12999
13013
13020
13024
13035
13036
13041
13042
13043
13050
13051
13066
13071
13074
13079
13084
13090
13092
13093
13097
13098
13101
13102
13109
13115
13120
13121
13124
13134
13138
13139
13140
13146
13150
13155
13158
13162
13163
13167
13174
13178
13181
13184
13185
13186
13187
13205
13209
13214
13221
13223
13225
13227
13228
13229
13233
13234
13245
13251
13255
13256
13257
13260
13266
13270
13272
13279
13281
13284
13288
13292
13296
13301
13302
13304
13305
13312
13313
13316
13318
13326
13332
13336
13338
13349
13353
13355
13358
13364
13366
13370
13371
13373
13378
13386
13392
13397
13401
13407
13410
13412
13414
13418
13420
13421
13436
13439
13454
13455
13456
13457
13459
13460
13462
13469
13470
13472
13478
13487
13488
13491
13492
13494
13498
13500
13502
13503
13508
13511
13516
13517
13521
13526
13531
13539
13542
13548
13558
13562
13563
13564
13572
13577
13586
13593
13594
13596
13609
13610
13618
13620
13623
13626
13631
13642
13645
13648
13649
13658
13660
13662
13663
13667
13673
13680
13681
13685
13686
13693
13695
13698
13699
13703
13704
13707
13708
13722
13729
13741
13747
13750
13755
13766
13767
13780
13787
13790
13808
13810
13815
13818
13820
13821
13822
13833
13839
13847
13848
13849
13855
13863
13873
13875
13893
13897
13901
13905
13906
13922
13936
13941
13942
13944
13945
13947
13951
13954
13970
13972
13975
13980
13992
13997
13999
14007
14009
14013
14020
14023
14027
14034
14035
14047
14048
14052
14053
14055
14056
14058
14061
14068
14074
14076
14078
14079
14080
14081
14085
14094
14097
14103
14108
14111
14123
14129
14135
14143
14146
14147
14149
14152
14156
14169
14172
14178
14180
14184
14186
14203
14208
14211
14213
14216
14229
14232
14234
14236
14241
14251
14262
14264
14268
14272
14276
14280
14285
14289
14297
14300
14303
14316
14335
14338
14343
14346
14353
14363
14367
14368
14369
14376
14382
14387
14391
14396
14406
14407
14408
14416
14421
14423
14425
14426
14428
14432
14433
14434
14442
14447
14448
14454
14455
14458
14461
14467
14469
14479
14480
14483
14489
14491
14496
14499
14500
14503
14508
14514
14521
14529
14536
14538
14549
14556
14559
14560
14562
14564
14565
14569
14583
14586
14588
14590
14591
14593
14597
14606
14607
14610
14611
14612
14613
14623
14634
14635
14639
14641
14642
14643
14646
14648
14650
14656
14659
14663
14667
14670
14671
14675
14680
14684
14694
14703
14714
14717
14718
14720
14733
14738
14743
14745
14752
14754
14759
14762
14774
14799
14805
14809
14811
14813
14814
14817
14819
14821
14823
14832
14840
14850
14851
14857
14861
14869
14871
14872
14885
14892
14894
14897
14898
14901
14907
14913
14920
14929
14933
14940
14942
14946
14948
14952
14970
14971
14974
14979
14981
14983
14990
14992
14997
14998
15002
15005
15006
15007
15011
15014
15023
15025
15026
15029
15038
15041
15043
15044
15062
15069
15071
15076
15087
15089
15100
15113
15119
15121
15126
15129
15130
15135
15142
15147
15153
15161
15162
15166
15173
15191
15196
15204
15206
15211
15219
15222
15225
15226
15233
15238
15246
15248
15251
15252
15261
15268
15271
15275
15276
15286
15287
15294
15296
15297
15298
15299
15300
15314
15324
15332
15340
15343
15345
15348
15355
15356
15363
15372
15374
15378
15384
15386
15387
15390
15396
15401
15403
15407
15420
15423
15425
15427
15453
15458
15468
15480
15481
15483
15487
15488
15491
15506
15508
15514
15515
15526
15527
15528
15530
15532
15541
15542
15544
15548
15562
15578
15592
15609
15611
15621
15631
15634
15635
15642
15647
15650
15652
15654
15655
15657
15658
15665
15679
15682
15685
15692
15697
15699
15704
15708
15714
15719
15722
15726
15733
15743
15755
15756
15760
15764
15765
15767
15768
15770
15774
15776
15780
15791
15792
15794
15801
15807
15809
15817
15819
15824
15834
15836
15839
15840
15845
15849
15853
15865
15869
15871
15872
15873
15876
15879
15883
15885
15886
15888
15896
15898
15914
15916
15930
15932
15938
15941
15950
15957
15960
15968
15970
15971
15977
15979
15982
15986
15989
15991
15994
15996
16009
16018
16023
16025
16033
16034
16044
16049
16051
16057
16062
16063
16076
16077
16080
16081
16082
16089
16093
16095
16100
16104
16108
16116
16124
16130
16135
16138
16139
16153
16156
16157
16164
16168
16170
16175
16178
16179
16184
16187
16190
16191
16195
16198
16201
16203
16204
16208
16210
16212
16220
16227
16228
16230
16233
16235
16248
16249
16255
16261
16276
16278
16285
16286
16302
16307
16315
16317
16319
16323
16325
16330
16334
16337
16341
16347
16348
16358
16360
16361
16362
16363
16364
16365
16368
16380
16383
16386
16387
16397
16404
16415
16419
16422
16426
16427
16429
16434
16439
16440
16441
16443
16444
16448
16455
16465
16467
16468
16476
16478
16486
16493
16496
16499
16503
16505
16507
16509
16510
16511
16515
16517
16518
16521
16525
16527
16528
16532
16534
16536
16539
16540
16546
16562
16566
16569
16570
16574
16581
16587
16589
16590
16605
16606
16607
16609
16610
16611
16615
16629
16631
16634
16653
16659
16660
16665
16667
16668
16670
16671
16681
16683
16686
16688
16690
16693
16695
16708
16714
16715
16722
16723
16724
16735
16736
16741
16762
16776
16783
16787
16796
16798
16802
16804
16809
16815
16818
16821
16832
16835
16843
16846
16851
16853
16871
16877
16878
16883
16886
16891
16899
16903
16906
16908
16910
16925
16928
16930
16935
16941
16944
16948
16957
16966
16977
16983
16985
16986
16989
16991
16993
16997
16999
17005
17007
17011
17012
17013
17020
17021
17028
17033
17035
17037
17038
17039
17048
17053
17058
17059
17062
17063
17068
17073
17079
17080
17081
17086
17087
17090
17097
17101
17103
17108
17109
17111
17116
17117
17120
17121
17122
17129
17137
17139
17140
17141
17223
17229
17230
17232
17297
17301
17341
17344
17345
17358
17365
17406
17407
17409
17411
17412
17415
17422
17423
17433
17434
17437
17438
17439
17442
17443
17445
17452
17454
17455
17456
17461
17463
17464
17465
17470
17472
17473
17476
17477
17479
17481
17482
17485
17486
17490
17499
17503
17507
17510
17511
17514
17516
17523
17525
17526
17529
17530
17531
17533
17536
17548
17549
17551
17559
17560
17569
17572
17575
17577
17579
17580
17585
17587
17588
17599
17606
17609
17612
17616
17618
17622
17634
17635
17643
17644
17646
17647
17650
17655
17656
17661
17664
17665
17666
17673
17685
17686
17687
17690
17693
17707
17708
17714
17717
17718
17725
17738
17751
17774
17776
17783
17788
17790
17814
17815
17819
17821
17832
17833
17835
17837
17839
17840
17843
17861
17864
17868
17869
17870
17881
17882
17886
17907
17912
17914
17917
17918
17922
17930
17932
17935
17939
17942
17960
17966
17967
17970
17972
17974
17977
17986
17991
17998
17999
18001
18021
18022
18032
18035
18044
18046
18050
18096
18118
18119
18124
18126
18151
18155
18166
18168
18176
18178
18183
18184
18189
18190
18191
18192
18200
18204
18217
18220
18229
18235
18237
18238
18246
18251
18256
18257
18258
18262
18266
18271
18272
18275
18276
18278
18280
18281
18285
18289
18296
18297
18298
18299
18303
18305
18309
18312
18314
18315
18316
18318
18329
18334
18338
18339
18341
18345
18351
18353
18363
18364
18367
18374
18377
18387
18398
18400
18409
18414
18419
18420
18421
18424
18427
18432
18433
18437
18446
18448
18452
18456
18461
18464
18466
18470
18472
18476
18483
18484
18487
18488
18490
18493
18499
18501
18504
18509
18510
18514
18517
18522
18541
18552
18553
18554
18555
18557
18558
18561
18565
18577
18581
18613
18637
18663
18692
18697
18716
18717
18718
18737
18749
18779
18783
18784
18810
18811
18813
18826
18830
18835
18836
18837
18847
18887
18892
18923
18924
18949
18969
18972
18975
19002
19018
19022
19023
19061
19067
19073
19074
19141
19168
19169
19177
19178
19184
19196
19236
19241
19242
19249
19253
19258
19299
19311
19347
19378
19393
19404
19406
19415
19418
19434
19439
19440
19451
19456
19471
19473
19475
19477
19493
19517
19524
19539
19540
19541
19568
19571
19585
19586
19587
19595
19596
19606
19607
19609
19610
19611
19612
19616
19625
19626
19628
19631
19645
19647
19655
19660
19662
19674
19682
19685
19686
19691
19693
19697
19698
19710
19711
19712
19714
19716
19717
19718
19724
19725
19727
19729
19736
19738
19739
19744
19757
19764
19769
19770
19774
19775
19782
19792
19794
19801
19806
19830
19837
19840
19845
19850
19870
19875
19878
19879
19883
19897
19898
19899
19908
19910
19913
19920
19924
19925
19926
19948
19949
19974
19980
19981
19982
19988
20004
20016
20033
20048
20068
20130
20221
20246
20271
20289
20291
20338
20373
20431
20433
20434
20452
20456
20461
20472
20509
20510
20527
20529
20530
20573
20574
20576
20580
20582
20597
20619
20624
20626
20628
20633
20635
20636
20677
20678
20680
20684
20721
20722
20733
20744
20746
20748
20754
20776
20802
20804
20818
20826
20833
20838
20854
20863
20872
20877
20883
20892
20893
20943
20954
20972
20989
20991
20996
20999
21000
21013
21033
21038
21039
21040
21111
21124
21125
21153
21163
21166
21188
21198
21206
21210
21215
21223
21247
21287
21298
21304
21310
21312
21313
21365
21367
21387
21391
21404
21405
21406
21442
21473
21477
21491
21520
21538
21543
21544
21548
21567
21570
21600
21606
21613
21616
21617
21624
21631
21632
21644
21657
21663
21666
21670
21672
21675
21687
21715
21727
21771
21773
21774
21786
21787
21806
21820
21821
21822
21829
21831
21846
21884
21895
21896
21921
21923
21925
21930
21933
21946
21947
21950
21951
21961
21969
21986
21996
22010
22011
22062
22068
22081
22088
22089
22090
22091
22095
22097
22098
22100
22109
22110
22111
22113
22115
22123
22152
22163
22171
22172
22208
22229
22250
22273
22289
22314
22333
22336
22346
22350
22366
22373
22375
22381
22395
22408
22424
22437
22439
22440
22449
22450
22455
22471
22472
22498
22509
22511
22513
22529
22531
22540
22544
22549
22550
22562
22576
22577
22578
22587
22589
22596
22634
22687
22688
22698
22704
22707
22710
22732
22734
22785
22786
22822
22824
22830
22841
22848
22867
22875
22882
22897
22898
22908
22909
22938
22977
22982
22998
23000
23016
23019
23044
23065
23091
23098
23108
23121
23122
23131
23144
23179
23180
23181
23189
23224
23228
23288
23302
23304
23311
23328
23343
23350
23364
23367
23368
23407
23411
23413
23422
23430
23436
23437
23472
23485
23486
23491
23504
23505
23506
23510
23516
23521
23530
23562
23568
23583
23595
23609
23614
23616
23623
23635
23640
23657
23669
23670
23677
23681
23682
23697
23710
23714
23723
23724
23725
23728
23734
23736
23737
23739
23741
23745
23750
23755
23757
23769
23779
23787
23788
23823
23857
23858
23906
23910
23928
23940
23952
23955
23958
23959
23974
23988
24007
24013
24019
24028
24029
24034
24035
24049
24067
24074
24075
24083
24088
24110
24121
24129
24142
24153
24155
24167
24174
24176
24178
24180
24181
24183
24220
24232
24234
24271
24280
24305
24328
24330
24332
24341
24364
24367
24397
24399
24409
24428
24433
24454
24497
24509
24513
24514
24517
24534
24535
24549
24552
24557
24559
24583
24605
24645
24673
24681
24684
24706
24738
24746
24749
24750
24755
24756
24761
24771
24786
24790
24795
24835
24851
24898
24906
24907
24913
24915
24919
24928
24929
24962
24969
24971
24990
24999
25001
25005
25022
25023
25025
25027
25029
25058
25065
25068
25089
25098
25121
25152
25156
25169
25170
25172
25307
25312
25314
25320
25329
25332
25334
25344
25367
25399
25401
25424
25425
25427
25440
25441
25442
25450
25454
25502
25515
25518
25519
25523
25536
25541
25544
25564
25567
25574
25585
25586
25589
25590
25591
25621
25624
25626
25631
25644
25658
25667
25668
25700
25701
25702
25727
25728
25745
25759
25766
25768
25802
25803
25814
25816
25843
25853
25865
25866
25868
25873
25875
25878
25893
25896
25899
25900
25910
25924
25927
25929
25938
25960
25967
25976
25988
25996
26000
26001
26004
26010
26012
26014
26061
26063
26076
26078
26091
26093
26100
26102
26123
26125
26137
26146
26167
26174
26193
26197
26233
26245
26248
26249
26258
26261
26266
26293
26303
26314
26348
26354
26375
26398
26417
26421
26434
26440
26448
26455
26460
26476
26501
26502
26503
26504
26506
26527
26528
26552
26554
26560
26576
26580
26581
26582
26586
26601
26610
26611
26613
26643
26653
26678
26702
26723
26816
26898
26968
26969
26973
26974
26984
26991
27037
27038
27059
27060
27063
27064
27076
27098
27107
27143
27174
27177
27181
27188
27210
27214
27215
27260
27263
27264
27265
27267
27268
27269
27271
27272
27273
27274
27301
27309
27314
27322
27332
27348
27354
27369
27402
27411
27414
27423
27432
27438
27501
27502
27514
27515
27528
27529
27536
27560
27611
27708
27827
27834
27851
27861
27863
27870
27878
27884
27904
27913
27915
27924
27928
27954
27967
27968
27984
27986
28016
28022
28030
28036
28037
28041
28042
28056
28062
28078
28096
28102
28111
28116
28131
28137
28139
28180
28181
28188
28195
28196
28197
28198
28199
28212
28218
28228
28235
28240
28242
28246
28251
28258
28262
28264
28267
28269
28275
28281
28286
28292
28303
28305
28314
28328
28333
28345
28347
28352
28373
28432
28437
28453
28460
28489
28502
28519
28537
28538
28543
28548
28568
28569
28570
28583
28591
28595
28602
28612
28613
28629
28644
28663
28683
28684
28686
28722
28724
28759
28760
28761
28784
28806
28830
28832
28861
28872
28922
28923
28937
28940
28955
28963
28970
28974
28999
29001
29004
29017
29019
29037
29087
29088
29094
29101
29102
29105
29106
29108
29110
29112
29163
29203
29206
29244
29245
29249
29251
29258
29265
29273
29275
29278
29280
29285
29290
29299
29302
29304
29305
29319
29320
29328
29331
29337
29355
29357
29367
29375
29383
29385
29394
29396
29411
29421
29433
29446
29462
29474
29501
29540
29551
29581
29582
29583
29598
29604
29639
29659
29682
29683
29686
29693
29705
29707
29709
29720
29721
29722
29730
29737
29753
29767
29769
29770
29771
29775
29789
29794
29795
29799
29804
29807
29824
29843
29852
29855
29865
29869
29927
29931
29960
29993
30000
30002
30007
30010
30016
30029
30031
30034
30046
30056
30057
30058
30061
30082
30094
30096
30099
30107
30108
30110
30113
30115
30142
30144
30145
30150
30155
30172
30177
30184
30188
30189
30200
30204
30208
30210
30271
30288
30289
30303
30305
30315
30330
30331
30340
30343
30344
30349
30361
30362
30370
30395
30397
30405
30407
30416
30418
30442
30503
30504
30505
30506
30520
30522
30532
30533
30539
30542
30568
30570
30576
30582
30595
30605
30613
30629
30632
30634
30648
30650
30652
30660
30671
30678
30679
30683
30687
30692
30701
30702
30709
30713
30717
30718
30719
30721
30760
30761
30762
30763
30764
30767
30770
30773
30777
30778
30782
30811
30812
30826
30833
30835
30838
30840
30848
30850
30853
30867
30882
30883
30890
30898
30902
30908
30922
30933
30935
30958
30969
30977
30991
30992
30993
30996
30998
30999
31000
31002
31009
31012
31019
31021
31027
31029
31030
31052
31055
31084
31090
31091
31131
31140
31141
31146
31147
31150
31151
31153
31155
31160
31170
31175
31183
31184
31186
31189
31194
31202
31204
31205
31214
31222
31228
31230
31242
31243
31256
31268
31271
31279
31282
31293
31294
31295
31299
31306
31312
31334
31339
31352
31353
31394
31538
31559
31575
31583
31695
31700
31730
31741
31769
31770
31773
31775
31785
31793
31796
31797
31799
31804
31850
31898
31951
31956
31971
31973
31974
31977
31979
31982
31993
31995
31998
32011
32028
32029
32034
32087
32098
32114
32117
32119
32120
32122
32175
32176
32189
32201
32205
32211
32238
32243
32244
32259
32282
32283
32301
32312
32328
32351
32352
32391
32396
32428
32444
32451
32458
32460
32519
32531
32534
32542
32593
32595
32625
32653
32660
32661
32664
32670
32691
32694
32701
32713
32723
32733
32754
32771
32772
32788
32792
32798
32828
32830
32850
32851
32859
32889
32891
32911
32922
32926
32934
32944
32949
32957
32965
32968
32977
33007
33019
33038
33043
33060
33063
33065
33072
33090
33095
33104
33135
33149
33150
33217
33313
33319
33324
33345
33364
33367
33414
33452
33476
33496
33542
33615
33725
33726
33727
33828
33832
33848
33856
33870
33875
33876
33938
33947
33952
33980
33997
34039
34040
34047
34048
34070
34071
34111
34148
34154
34171
34173
34202
34234
34235
34238
34380
34390
34411
34423
34485
34509
34531
34560
34569
34610
34617
34635
34637
34638
34643
34649
34664
34669
34671
34702
34706
34721
34722
34754
34764
34786
34796
34815
34843
34861
34925
34932
34941
34945
34954
35001
35032
35035
35039
35045
35057
35084
35098
35112
35144
35149
35174
35187
35192
35201
35202
35203
35205
35220
35221
35223
35230
35232
35233
35277
35298
35316
35317
35331
35349
35350
35371
35405
35418
35419
35456
35459
35463
35464
35476
35490
35501
35504
35513
35514
35518
35519
35520
35528
35529
35530
35532
35533
35545
35560
35567
35568
35587
35592
35598
35620
35621
35622
35661
35669
35682
35683
35690
35691
35693
35699
35703
35704
35719
35723
35724
35730
35733
35746
35747
35748
35752
35773
35778
35784
35786
35794
35800
35805
35830
35841
35844
35851
35852
35864
35865
35874
35878
35895
35905
35909
35912
35935
35957
35970
35972
35982
35993
35997
35999
36000
36023
36026
36037
36045
36052
36070
36094
36105
36118
36127
36130
36141
36142
36143
36151
36152
36155
36169
36170
36171
36172
36174
36178
36179
36187
36189
36195
36209
36250
36254
36257
36259
36268
36286
36290
36308
36311
36312
36328
36351
36353
36354
36368
36369
36370
36381
36392
36393
36398
36402
36405
36406
36418
36427
36446
36451
36452
36461
36478
36485
36486
36487
36497
36500
36509
36518
36525
36527
36537
36538
36539
36559
36568
36573
36593
36644
36654
36656
36661
36665
36666
36671
36673
36692
36697
36700
36705
36706
36707
36714
36717
36718
36719
36740
36754
36769
36773
36794
36807
36816
36817
36818
36838
36843
36848
36863
36865
36866
36867
36876
36881
36888
36889
36907
36908
36927
36929
36937
36956
36962
36975
36989
36991
36995
37031
37044
37057
37058
37059
37067
37068
37134
37140
37157
37179
37182
37185
37196
37214
37215
37216
37272
37304
37305
37306
37332
37334
37341
37364
37380
37404
37405
37412
37426
37429
37432
37437
37438
37447
37449
37452
37453
37454
37465
37466
37470
37484
37505
37526
37527
37531
37532
37533
37547
37548
37550
37554
37560
37579
37583
37590
37591
37595
37611
37626
37643
37648
37652
37654
37664
37674
37693
37702
37704
37710
37711
37712
37730
37731
37733
37739
37761
37791
37792
37813
37818
37819
37821
37831
37853
37867
37869
37886
37891
37893
37905
37909
37912
37920
37921
37924
37929
37942
37945
37955
37967
37968
38004
38008
38022
38028
38030
38035
38041
38044
38045
38054
38056
38057
38060
38088
38092
38095
38098
38103
38105
38108
38122
38123
38162
38165
38166
38182
38186
38188
38209
38235
38244
38245
38278
38283
38286
38292
38293
38304
38306
38316
38330
38333
38337
38339
38356
38357
38367
38373
38379
38380
38383
38418
38439
38447
38449
38454
38455
38462
38473
38474
38485
38500
38524
38535
38537
38538
38553
38559
38599
38619
38642
38649
38689
38697
38698
38720
38742
38743
38750
38751
38755
38760
38761
38770
38771
38784
38785
38800
38813
38816
38820
38839
38841
38850
38856
38859
38878
38880
38885
38886
38897
38898
38900
38901
38912
38913
38916
38923
38924
38955
38964
38968
38986
38988
38993
39000
39011
39022
39025
39056
39057
39062
39118
39120
39136
39137
39142
39147
39153
39163
39164
39221
39256
39262
39263
39267
39274
39276
39282
39285
39289
39293
39294
39295
39301
39307
39310
39323
39341
39344
39347
39356
39362
39375
39385
39410
39414
39416
39431
39437
39438
39439
39446
39455
39461
39468
39469
39473
39506
39543
39549
39550
39589
39601
39615
39616
39623
39636
39653
39657
39670
39673
39674
39680
39684
39733
39750
39753
39759
39778
39779
39781
39795
39798
39799
39800
39805
39806
39815
39832
39839
39859
39880
39883
39913
39914
39916
39923
39940
39944
39961
39962
39978
39979
39985
39986
39999
40002
40054
40055
40059
40065
40077
40094
40118
40133
40145
40146
40173
40178
40201
40231
40258
40261
40262
40286
40290
40301
40302
40305
40355
40367
40368
40375
40395
40397
40416
40418
40451
40585
40586
40590
40596
40620
40631
40633
40634
40637
40638
40651
40655
40657
40659
40670
40673
40686
40687
40691
40692
40693
40700
40733
40744
40746
40768
40771
40776
40799
40803
40804
40805
40817
40818
40820
40821
40868
40875
40878
40881
40894
40898
40900
40901
40944
40949
40980
40982
40992
41025
41040
41054
41055
41063
41067
41069
41076
41081
41082
41087
41123
41139
41140
41164
41178
41180
41181
41196
41205
41216
41233
41243
41257
41258
41262
41270
41271
41282
41302
41304
41316
41332
41337
41352
41353
41355
41357
41362
41367
41369
41400
41409
41435
41436
41437
41450
41453
41461
41462
41464
41477
41498
41499
41504
41506
41526
41527
41528
41533
41534
41535
41554
41555
41569
41571
41585
41608
41692
41718
41727
41732
41752
41768
41779
41782
41784
41791
41794
41795
41802
41804
41812
41813
41817
41835
41837
41848
41855
41870
41888
41894
41896
41915
41916
41920
41921
41923
41924
41936
41937
41940
41950
41956
41957
41964
42025
42045
42046
42057
42060
42071
42079
42093
42096
42100
42108
42124
42126
42132
42140
42150
42158
42159
42180
42181
42185
42186
42187
42190
42194
42206
42221
42225
42227
42239
42264
42292
42300
42305
42307
42310
42320
42351
42360
42372
42395
42399
42404
42405
42410
42414
42420
42430
42442
42467
42468
42484
42485
42505
42506
42533
42565
42568
42578
42607
42611
42612
42619
42629
42638
42666
42668
42677
42682
42737
42738
42750
42759
42762
42763
42770
42774
42794
42803
42813
42818
42820
42821
42822
42843
42844
42846
42850
42854
42868
42869
42879
42885
42886
42887
42888
42890
42900
42901
42911
42912
42922
42926
42929
42938
42941
42949
42953
42991
42999
43000
43019
43033
43035
43036
43068
43098
43100
43120
43125
43130
43133
43149
43160
43161
43162
43164
43173
43176
43177
43196
43198
43200
43201
43229
43231
43238
43244
43261
43272
43276
43285
43294
43295
43303
43373
43390
43391
43393
43399
43413
43418
43427
43431
43432
43442
43478
43502
43506
43512
43520
43521
43522
43541
43557
43559
43571
43573
43581
43593
43598
43600
43607
43608
43610
43615
43625
43629
43635
43649
43675
43678
43689
43694
43695
43705
43706
43709
43710
43711
43730
43741
43744
43747
43750
43751
43753
43761
43771
43773
43783
43793
43803
43814
43817
43819
43833
43842
43871
43875
43882
43884
43888
43896
43915
43917
43932
43934
43940
43979
43981
43992
44018
44054
44057
44064
44079
44083
44131
44134
44155
44156
44158
44164
44181
44188
44211
44221
44225
44230
44244
44254
44257
44260
44267
44274
44308
44312
44319
44323
44324
44326
44337
44339
44345
44351
44357
44361
44376
44377
44402
44412
44420
44430
44438
44487
44498
44499
44523
44534
44542
44566
44597
44598
44602
44604
44630
44631
44645
44655
44656
44664
44665
44669
44695
44707
44709
44721
44731
44732
44734
44748
44749
44784
44785
44786
44791
44792
44799
44807
44809
44813
44821
44824
44827
44830
44831
44845
44848
44856
44865
44866
44883
44886
44888
44903
44905
44914
44916
44925
44930
44948
44952
44957
44959
44962
44964
44965
44971
44972
44974
44997
45025
45034
45039
45040
45053
45091
45097
45098
45104
45108
45113
45180
45216
45269
45285
45288
45289
45300
45308
45309
45314
45316
45348
45349
45351
45352
45353
45354
45416
45446
45455
45466
45500
45501
45502
45503
45531
45545
45557
45559
45561
45581
45598
45641
45642
45646
45675
45677
45691
45694
45716
45736
45738
45744
45763
45774
45796
45801
45813
45818
45821
45850
45858
45899
45908
45915
45936
45943
45961
45980
45986
45988
45993
45995
46000
46001
46003
46017
46022
46027
46035
46039
46043
46046
46047
46049
46074
46075
46087
46088
46091
46106
46112
46134
46145
46147
46153
46173
46195
46201
46202
46206
46213
46214
46217
46219
46226
46227
46237
46247
46259
46273
46285
46300
46312
46330
46332
46337
46345
46346
46347
46348
46350
46367
46429
46472
46473
46486
46499
46504
46507
46527
46561
46568
46585
46588
46598
46599
46600
46604
46605
46609
46680
46682
46684
46709
46725
46727
46731
46735
46743
46748
46749
46764
46765
46781
46834
46835
46838
46850
46869
46872
46895
46897
46902
46908
46922
46929
46938
46947
46948
46959
46960
46970
46987
46992
47000
47007
47015
47040
47041
47042
47069
47071
47072
47076
47079
47086
47100
47107
47116
47124
47125
47127
47157
47179
47193
47216
47218
47220
47249
47251
47261
47263
47264
47268
47274
47275
47292
47293
47297
47317
47326
47331
47342
47351
47358
47363
47380
47383
47385
47388
47390
47396
47397
47414
47437
47439
47440
47477
47485
47487
47502
47529
47535
47536
47582
47583
47584
47588
47596
47639
47645
47654
47658
47659
47661
47663
47681
47682
47683
47723
47730
47737
47746
47768
47770
47771
47778
47780
47786
47787
47788
47815
47837
47847
47858
47859
47863
47865
47867
47873
47882
47893
47895
47899
47900
47901
47927
47935
47936
47953
47955
47957
47965
47966
47968
47972
47974
47981
48001
48008
48010
48013
48015
48021
48027
48029
100020
100080
100100
100320
100340
100400
100420
100460
100480
100520
100540
100700
100720
100740
100841
100900
100960
100980
101020
101080
101161
101180
101220
101420
101500
101600
101640
101680
101720
101740
101840
101860
101880
102040
102100
102280
102340
102360
102380
102420
102500
102520
102580
102740
102800
102840
102860
102920
102960
103260
103280
103320
103340
103360
103460
103480
103520
103580
103620
103680
103701
103702
103705
103706
103711
103712
103714
103715
103716
103717
103719
103720
103722
103723
103724
103725
103727
103728
103730
103734
103735
103737
103739
103746
103747
103748
103756
103759
103760
103763
103766
103767
103768
103772
103773
103776
103781
103782
103787
103789
103790
103792
103794
103797
103799
103800
103806
103811
103814
103816
103818
103820
103821
103823
103831
103832
103834
103842
103843
103846
103847
103848
103849
103850
103852
103857
103861
103863
103866
103870
103871
103872
103875
103897
103899
103910
103912
103913
103917
103919
103927
103934
103935
103941
103942
103949
103950
103951
103953
103956
103957
103958
103963
103964
103965
103970
103971
103973
103976
103981
103987
103989
103990
103999
104002
104003
104004
104005
104007
104012
104015
104018
104019
104020
104021
104022
104024
104025
104026
104027
104028
104030
104031
104034
104035
104038
104039
104042
104051
104052
104059
104063
104065
104067
104071
104074
104076
104081
104085
104087
104088
104093
104097
104100
104103
104110
104123
104128
104133
104134
104135
104136
104137
104138
104143
104146
104153
104155
104156
104158
104161
104162
104163
104168
104169
104175
104176
104177
104178
104184
104189
104193
104197
104199
104200
104204
104206
104209
104215
104223
104225
104226
104228
104232
104233
104234
104235
104236
104237
104239
104240
104242
104245
104248
104249
104252
104254
104255
104256
104261
104266
104271
104274
104277
104281
104285
104286
104289
104292
104295
104301
104302
104304
104308
104310
104311
104312
104313
104316
104322
104323
104334
104343
104347
104348
104353
104354
104355
104357
104363
104368
104369
104373
104378
104379
104381
104385
104386
104388
104390
104391
104393
104395
104400
104403
104412
104415
104417
104422
104428
104429
104433
104435
104438
104439
104440
104445
104446
104447
104448
104449
104450
104451
104454
104455
104457
104458
104460
104463
104473
104474
104476
104478
104483
104484
104485
104487
104507
104510
104512
104518
104525
104536
104540
104552
104553
104555
104556
104559
104580
104581
104587
104591
104593
104594
104595
104599
104601
104606
104609
104610
104619
104626
104635
104643
104650
104651
104671
104672
104688
104703
104719
104720
104727
104728
104761
104790
104823
104859
104880
104919
104926
104931
104948
104950
104951
104957
104961
104964
104966
104976
104982
104990
105010
105026
105061
105068
105074
105108
105125
105142
105146
105151
105182
105197
105209
105215
105243
105247
105279
105281
105283
105285
105289
105303
105308
105316
105325
105348
105360
105364
105375
105387
105390
105394
105404
105405
105413
105432
105440
105471
105477
105487
105490
105491
105496
105519
105552
105559
105564
105570
105591
105617
105638
105644
105656
105662
105666
105670
105690
105721
105734
105736
105758
105766
105780
105782
105785
105790
105791
105794
105796
105797
105812
105816
105834
105837
105842
105843
105847
105913
105918
105950
105960
105970
105986
105992
105995
106005
106012
106015
106019
106032
106036
106067
106069
106075
106093
106108
106124
106135
106139
106155
106156
106161
106189
106213
106223
106237
106257
106266
106298
106302
106316
106327
106336
106342
106352
106357
106387
106396
106398
106415
106416
106435
106440
106464
106466
106473
106474
106482
106485
106494
106498
106505
106516
106518
106522
106536
106546
106560
106562
106575
106578
106589
106594
106608
106619
106629
106637
106638
106639
106657
106664
106667
106668
106684
106693
106710
106711
106713
106715
106720
106725
106743
106744
106750
106754
106766
106800
106805
106807
106813
106814
106816
106838
106871
106907
106909
106918
106926
106945
106951
106975
106982
107007
107023
107027
107028
107038
107045
107049
107062
107066
107068
107077
107105
107122
107123
107126
107130
107144
107165
107181
107211
107217
107220
107247
107271
107300
107307
107311
107319
107320
107333
107341
107342
107346
107353
107401
107403
107423
107427
107434
107473
107517
107518
107563
107569
107574
107609
107622
107627
107645
107650
107653
107656
107657
107673
107690
107708
107717
107719
107726
107727
107733
107752
107757
107769
107773
107778
107781
107803
107807
107818
107824
107830
107832
107875
107876
107877
107878
107887
107900
107907
107930
107935
107938
107941
107942
107943
107955
107964
107975
107982
108006
108017
108033
108046
108050
108057
108069
108084
108100
108113
108122
108146
108149
108156
108162
108163
108188
108203
108208
108219
108231
108236
108249
108257
108258
108263
108268
108326
108344
108345
108355
108383
108407
108424
108427
108432
108437
108443
108446
108450
108475
108477
108486
108488
108497
108510
108517
108530
108531
108559
108574
108579
108581
108601
108604
108628
108648
108677
108681
108702
108711
108715
108728
108731
108763
108769
108782
108783
108805
108806
108818
108827
108830
108832
108834
108850
108863
108879
108883
108887
108897
108913
108923
108928
108941
108950
108958
108983
109001
109002
109011
109018
109022
109032
109036
109064
109071
109116
109121
109122
109164
109175
109184
109193
109203
109211
109238
109240
109254
109264
109278
109303
109307
109327
109335
109349
109356
109371
109405
109424
109427
109446
109485
109487
109488
109492
109504
109516
109524
109552
109591
109602
109620
109621
109623
109629
109644
109648
109654
109660
109664
109679
109681
109682
109701
109729
109732
109761
109771
109801
109802
109807
109819
109821
109838
109843
109847
109860
109869
109886
109901
109903
109906
109910
109939
109966
109998
110035
110076
110080
110115
110156
110181
110186
110188
110198
110228
110237
110264
110269
110279
110283
110291
110297
110299
110301
110319
110329
110337
110351
110353
110356
110364
110365
110377
110383
110391
110394
110397
110410
110412
110430
110443
110454
110457
110469
110476
110496
110518
110522
110524
110552
110561
110567
110639
110645
110647
110653
110665
110683
110692
110706
110709
110715
110744
110746
110754
110757
110760
110767
110775
110776
110778
110783
110786
110825
110826
110838
110841
110869
110882
110897
110898
110908
110916
110921
110922
110925
110929
110936
110942
110949
110953
110955
110965
110975
110995
111000
111008
111027
111033
111046
111047
111052
111085
111087
111107
111133
111135
111140
111142
111147
111164
111167
111171
111178
111183
111186
111198
111221
111230
111264
111316
111320
111343
111348
111356
111392
111458
111468
111503
111514
111516
111521
111528
111554
111562
111566
111616
111639
111645
111657
111662
111668
111672
111694
111704
111740
111743
111747
111753
111757
111778
111787
111807
111814
111838
111842
111852
111861
111866
111870
111872
111889
111893
111894
111901
111912
111963
111967
111992
112003
112028
112058
112059
112064
112083
112091
112097
112104
112110
112119
112139
112158
112159
112176
112193
112202
112219
112240
112266
112284
112294
112297
112308
112311
112323
112338
112360
112386
112399
112417
112475
112481
112485
112494
112525
112535
112544
112556
112562
112567
112583
112584
112608
112624
112628
112630
112638
112659
112667
112690
112694
112697
112702
112706
112708
112758
112787
112840
112884
112892
112894
112901
112911
112916
112938
112973
113004
113023
113031
113033
113037
113042
113055
113057
113074
113090
113106
113113
113147
113165
113223
113226
113229
113242
113257
113291
113299
113309
113312
113325
113326
113332
113334
113387
113390
113392
113400
113403
113404
113412
113413
113443
113464
113468
113500
113506
113517
113525
113553
113581
113591
113614
113617
113621
113625
113642
113665
113679
113688
113692
113696
113698
113704
113713
113719
113728
113740
113746
113748
113788
113794
113795
113796
113798
113802
113819
113826
113836
113855
113867
113887
113892
113893
113908
113912
113930
113961
113983
113988
113999
114002
114008
114011
114030
114038
114048
114050
114053
114067
114126
114127
114137
114142
114155
114164
114181
114203
114207
114212
114219
114242
114243
114245
114258
114273
114290
114310
114338
114352
114384
114412
114422
114471
114473
114474
114497
114532
114584
114657
114664
114666
114670
114674
114679
114683
114701
114703
114774
114787
114801
114847
114853
114885
114893
114894
114904
114909
114950
114968
114993
115009
115014
115025
115028
115078
115115
115127
115141
115151
115152
115153
115162
115175
115211
115248
115292
115294
115304
115312
115332
115333
115358
115364
115368
115372
115376
115440
115489
115547
115553
115584
115589
115595
115610
115612
115624
115670
115687
115688
115700
115706
115740
115771
115876
115877
115892
115920
115927
115966
115971
115974
116012
116015
116021
116048
116057
116083
116140
116144
116150
116161
116214
116218
116238
116269
116270
116280
116284
116286
116303
116324
116341
116344
116355
116360
116407
116464
116502
116513
116515
116530
116537
116550
116558
116571
116602
116605
116606
116656
116681
116682
116712
116757
116778
116797
116827
116967
116978
117012
117015
117028
117031
117042
117125
117139
117143
117176
117178
117181
117183
117198
117253
117257
117284
117307
117323
117327
117365
117415
117429
117449
117468
117476
117531
117567
117589
117592
117606
117629
117666
117679
117751
117756
117783
117789
117807
117818
117845
117851
117867
117901
117908
117942
117946
117957
117958
117965
117969
117975
117977
118006
118025
118028
118079
118148
118199
118212
118219
118232
118240
118261
118286
118304
118309
118342
118343
118381
118385
118440
118472
118488
118495
118519
118533
118551
118579
118581
118639
118642
118643
118650
118662
118669
118697
118712
118715
118719
118734
118749
118755
118786
118787
118790
118794
118812
118813
118814
118817
118818
118820
118851
118913
118917
118932
118934
118936
118939
118944
119001
119003
119004
119012
119024
119030
119037
119049
119069
119107
119143
119154
119181
119193
119220
119241
119248
119249
119251
119266
119279
119290
119302
119307
119312
119336
119340
119342
119377
119440
119441
119449
119488
119490
119507
119518
119524
119529
119539
119540
119546
119558
119564
119596
119598
119609
119625
119682
119730
119732
119755
119759
119760
119772
119801
119831
119832
119854
119855
119880
119890
119910
119951
119955
119977
119992
119995
120002
120014
120036
120040
120059
120063
120064
120086
120110
120121
120123
120128
120145
120148
120222
120232
120242
120270
120283
120312
120313
120322
120336
120342
120381
120387
120395
120412
120414
120417
120419
120420
120426
120441
120444
120452
120458
120514
120517
120536
120563
120574
120579
120583
120632
120672
120682
120699
120701
120708
120719
120724
120736
120738
120755
120767
120780
120827
120837
120852
120865
120874
120888
120889
120894
120898
120926
120942
120948
120950
120967
120974
120982
120990
121003
121019
121043
121056
121057
121060
121081
121097
121111
121134
121136
121152
121158
121171
121192
121196
121213
121216
121221
121254
121258
121263
121343
121392
121395
121416
121430
121439
121442
121445
121447
121455
121456
121465
121492
121537
121555
121559
121561
121593
121617
121622
121629
121640
121659
121669
121699
121727
121731
121735
121767
121768
121781
121786
121795
121863
121894
121942
121958
121963
121978
121990
122004
122007
122020
122030
122035
122082
122099
122122
122139
122142
122155
122156
122225
122241
122242
122245
122284
122295
122301
122307
122341
122351
122430
122436
122447
122452
122460
122463
122465
122468
122481
122520
122529
122569
122572
122602
122640
122657
122677
122692
122696
122731
122758
122781
122782
122806
122821
122866
122908
122924
122925
122931
122952
122956
122968
122986
122994
122999
123000
123001
123003
123034
123047
123051
123074
123084
123095
123111
123161
123177
123224
123234
123235
123244
123256
123283
123318
123370
123378
123380
123421
123434
123435
123455
123462
123483
123508
123520
123521
123530
123605
123608
123635
123637
123649
123652
123667
123670
123672
123697
123711
123718
123758
123762
123768
123769
123809
123814
123829
123842
123903
123913
123917
123947
123952
123980
124027
124057
124064
124112
124129
124156
124180
124182
124205
124245
124272
124299
124348
124349
124360
124430
124432
124446
124448
124471
124493
124496
124502
124504
124512
124514
124515
124520
124573
124583
124605
124615
124620
124630
124658
124663
124667
124674
124716
124718
124728
124736
124737
124738
124769
124790
124849
124879
124901
124902
124903
124966
125004
125051
125055
125073
125079
125112
125117
125191
125202
125204
125249
125250
125333
125334
125363
125393
125402
125437
125446
125450
125472
125499
125540
125547
125557
125572
125573
125574
125605
125610
125624
125633
125648
125650
125691
125692
125697
125703
125791
125805
125820
125836
125858
125860
125865
125920
125953
125958
125962
126021
126041
126042
126052
126064
126077
126079
126090
126098
126122
126124
126125
126126
126129
126130
126136
126159
126180
126182
126183
126192
126201
126208
126258
126259
126291
126292
126331
126349
126407
126447
126497
126508
126514
126529
126546
126550
126588
126593
126600
126601
126638
126655
126675
126694
126712
126716
126762
126767
126776
126777
126818
126822
126831
126870
126880
126881
126907
126935
126936
126943
126963
126976
126983
126996
127001
127038
127042
127081
127112
127114
127132
127134
127136
127137
127142
127145
127157
127182
127198
127207
127211
127225
127226
127228
127232
127236
127257
127283
127298
127302
127303
127313
127330
127351
127355
127373
127383
127395
127422
127423
127437
127472
127473
127474
127475
127485
127496
127507
127549
127550
127589
127597
127605
127620
127635
127648
127650
127653
127654
127676
127679
127701
127702
127716
127724
127726
127733
127734
127772
127784
127787
127813
127818
127819
127823
127824
127835
127836
127844
127847
127858
127902
127921
127977
127987
128030
128040
128045
128082
128089
128094
128096
128103
128116
128119
128127
128143
128144
128145
128160
128179
128180
128189
128212
128219
128241
128281
128319
128333
128334
128335
128344
128351
128375
128402
128423
128453
128471
128491
128496
128502
128545
128563
128568
128569
128586
128591
128592
128595
128605
128624
128640
128642
128666
128677
128680
128713
128797
128800
128801
128803
128835
128837
128851
128892
128898
128904
128929
128957
128959
128985
128990
129035
129052
129096
129103
129104
129119
129120
129165
129208
129236
129262
129288
129291
129292
129311
129320
129332
129354
129356
129364
129371
129373
129376
129395
129400
129402
129431
129469
129495
129498
129502
129505
129559
129568
129569
129601
129605
129614
129615
129624
129656
129669
129679
129690
129715
129772
129802
129821
129824
129837
129841
129847
129848
129864
129881
129883
129897
129902
129914
129919
129932
129940
129973
129985
130000
130007
130022
130029
130030
130032
130062
130105
130116
130120
130125
130129
130139
130142
130144
130145
130154
130169
130190
130224
130227
130233
130251
130252
130290
130335
130390
130448
130489
130497
130507
130520
130533
130535
130559
130560
130569
130577
130599
130604
130623
130645
130672
130702
130735
130740
130742
130745
130748
130754
130790
130814
130847
130850
130855
130876
130883
130888
130891
130893
130914
130951
130955
130961
130991
131000
131037
131063
131076
131091
131107
131114
131117
131118
131121
131133
131134
131142
131153
131167
131207
131211
131217
131221
131224
131226
131242
131270
131272
131275
131276
131279
131282
131295
131305
131308
131320
131338
131344
131345
131347
131377
131390
131392
131405
131406
131411
131421
131431
131449
131453
131487
131489
131491
131510
131534
131535
131539
131548
131558
131563
131580
131593
131607
131620
131631
131645
131662
131668
131674
131688
131700
131703
131704
131714
131719
131720
131722
131743
131783
131784
131785
131793
131802
131804
131814
131817
131833
131834
131848
131849
131851
131856
131895
131901
131914
131920
131953
131962
131986
131991
131992
132002
132007
132014
132016
132026
132031
132038
132043
132048
132070
132078
132092
132099
132131
132135
132136
132153
132157
132175
132184
132185
132192
132197
132221
132226
132246
132250
132263
132267
132299
132315
132317
132330
132344
132350
132351
132353
132390
132398
132399
132402
132424
132465
132475
132486
132503
132549
132558
132585
132595
132596
132598
132602
132605
132637
132643
132644
132649
132650
132652
132665
132674
132678
132701
132710
132719
132735
132759
132763
132798
132834
132836
132847
132853
132855
132873
132876
132877
132882
132915
132918
132938
132939
132972
132982
132984
133019
133022
133025
133030
133068
133082
133084
133088
133097
133104
133105
133125
133142
133146
133152
133163
133168
133169
133171
133182
133204
133240
133241
133253
133264
133267
133270
133277
133290
133300
133326
133329
133337
133356
133358
133366
133371
133376
133378
133379
133387
133389
133392
133403
133407
133417
133420
133436
133443
133467
133476
133526
133535
133542
133551
133558
133591
133593
133599
133615
133653
133660
133668
133672
133701
133705
133707
133715
133737
133754
133760
133763
133777
133780
133785
133789
133796
133798
133803
133804
133813
133820
133822
133837
133839
133840
133849
133855
133861
133877
133890
133907
133908
133912
133941
133979
133994
134008
134038
134045
134057
134079
134086
134104
134117
134139
134152
134155
134159
134162
134173
134179
134249
134263
134284
134293
134300
134311
134340
134350
134357
134411
134429
134435
134459
134488
134502
134509
134510
134544
134563
134581
134593
134596
134600
134602
134616
134628
134631
134645
134657
134699
134736
134741
134742
134751
134765
134768
134797
134848
134873
134887
134901
134921
134922
134929
134932
134943
134952
134953
134958
134965
135003
135041
135071
135073
135112
135113
135126
135131
135167
135195
135243
135259
135272
135274
135287
135288
135306
135310
135327
135379
135386
135396
135398
135405
135413
135414
135419
135423
135442
135446
135474
135548
135562
135576
135613
135618
135625
135632
135644
135656
135668
135671
135674
135676
135680
135708
135723
135738
135778
135790
135835
135837
135862
135898
135924
135966
135978
135981
136024
136084
136093
136102
136116
136131
136138
136159
136160
136161
136163
136184
136212
136223
136237
136257
136258
136259
136300
136321
136350
136352
136356
136369
136390
136392
136401
136412
136420
136433
136453
136492
136526
136532
136554
136571
136588
136596
136597
136618
136622
136630
136645
136654
136660
136667
136668
136694
136734
136740
136791
136805
136814
136817
136830
136832
136859
136865
136887
136914
136941
136950
136952
136959
136962
136974
136982
136996
137028
137040
137045
137068
137099
137113
137115
137147
137178
137192
137198
137206
137211
137220
137224
137229
137264
137269
137285
137297
137315
137353
137356
137368
137380
137381
137387
137389
137438
137461
137476
137478
137497
137513
137529
137559
137604
137608
137631
137658
137662
137681
137741
137743
137751
137753
137757
137789
137795
137839
137862
137870
137871
137873
137874
137881
137888
137889
137904
137905
137906
137908
137918
137919
137920
137930
137945
137988
137999
138033
138091
138116
138121
138123
138132
138135
138138
138162
138164
138299
138348
138349
138401
138421
138459
138494
138524
138547
138615
138618
138638
138684
138756
138803
138829
138834
138887
138919
138938
138961
138970
139018
139049
139059
139067
139091
139098
139107
139121
139124
139135
139148
139162
139175
139176
139212
139227
139228
139233
139273
139304
139321
139324
139335
139347
139366
139372
139475
139491
139505
139511
139515
139516
139520
139529
139534
139535
139543
139548
139587
139595
139611
139627
139643
139652
139656
139664
139693
139713
139749
139760
139768
139788
139790
139792
139818
139820
139828
139830
139864
139889
139895
139919
139930
139965
139981
140002
140014
140016
140017
140076
140084
140096
140103
140106
140108
140114
140116
140136
140139
140142
140145
140147
140161
140166
140185
140190
140195
140203
140205
140221
140227
140264
140292
140314
140341
140345
140356
140367
140377
140393
140456
140535
140546
140551
140564
140565
140592
140599
140611
140614
140725
140762
140777
140802
140808
140814
140817
140823
140824
140828
140851
140855
140869
140888
140889
140910
140926
140944
140946
140977
140978
140988
140994
141018
141046
141077
141091
141096
141097
141164
141169
141173
141190
141195
141238
141250
141253
141254
141277
141295
141296
141322
141368
141375
141391
141398
141413
141430
141468
141482
141490
141516
141520
141532
141534
141554
141588
141630
141667
141684
141685
141697
141726
141775
141776
141790
141849
141892
141919
141926
141943
141946
141962
141966
141979
142008
142019
142026
142080
142082
142090
142095
142106
142137
142170
142174
142185
142200
142230
142245
142248
142261
142271
142279
142281
142285
142289
142295
142322
142327
142334
142335
142339
142348
142367
142373
142374
142380
142402
142414
142429
142439
142457
142483
142485
142498
142502
142518
142520
142541
142554
142558
142596
142619
142640
142666
142672
142712
142734
142768
142772
142775
142780
142784
142785
142790
142806
142808
142809
142846
142852
142866
142867
142871
142873
142894
142901
142903
142910
142927
142930
142941
142976
142977
142982
142988
142998
143007
143008
143047
143053
143093
143100
143110
143137
143163
143166
143167
143169
143170
143174
143189
143208
143209
143211
143212
143240
143253
143262
143278
143293
143299
143301
143307
143323
143326
143342
143365
143380
143381
143384
143403
143434
143440
143441
143463
143475
143478
143483
143490
143521
143528
143529
143530
143567
143570
143571
143612
143624
143625
143626
143642
143665
143710
143719
143727
143730
143733
143734
143752
143763
143787
143797
143800
143809
143820
143830
143839
143848
143865
143867
143868
143869
143876
143884
143913
143969
143998
144001
144008
144016
144022
144046
144048
144049
144051
144069
144076
144088
144091
144095
144097
144100
144107
144131
144133
144134
144159
144174
144177
144207
144209
144211
144232
144244
144247
144270
144278
144293
144295
144298
144302
144337
144344
144377
144403
144412
144421
144426
144434
144436
144443
144444
144445
144449
144464
144486
144491
144497
144522
144528
144594
144601
144609
144632
144634
144684
144686
144730
144769
144798
144808
144823
144825
144827
144830
144843
144853
144856
144867
144871
144874
144875
144884
144906
144915
144930
144957
144981
144982
145009
145010
145012
145021
145037
145046
145056
145064
145072
145090
145097
145107
145115
145116
145120
145126
145129
145130
145134
145135
145182
145186
145187
145231
145244
145265
145276
145317
145323
145357
145425
145454
145458
145477
145488
145504
145507
145510
145511
145523
145530
145540
145544
145560
145562
145577
145579
145584
145589
145594
145595
145651
145658
145687
145706
145711
145738
145741
145750
145751
145767
145770
145772
145790
145798
145840
145841
145860
145864
145868
145869
145875
145876
145887
145896
145905
145923
145932
145946
145956
145958
145980
145994
145997
146001
146017
146029
146048
146049
146051
146053
146054
146057
146064
146067
146085
146087
146092
146103
146122
146138
146183
146193
146230
146235
146236
146239
146241
146251
146269
146276
146283
146310
146313
146322
146332
146337
146344
146362
146384
146395
146415
146430
146443
146478
146482
146485
146509
146514
146537
146547
146578
146597
146599
146615
146616
146636
146664
146667
146670
146671
146679
146711
146726
146744
146759
146776
146787
146811
146838
146843
146850
146856
146870
146871
146936
146952
146971
146981
146993
146999
147040
147048
147050
147058
147061
147069
147071
147074
147081
147092
147095
147102
147117
147129
147132
147152
147153
147173
147181
147183
147191
147200
147235
147251
147257
147259
147286
147298
147299
147309
147314
147316
147332
147363
147364
147369
147374
147382
147420
147472
147507
147509
147529
147534
147566
147602
147653
147682
147685
147691
147729
147746
147760
147763
147779
147786
147790
147794
147796
147798
147839
147853
147857
147909
147912
147929
147933
147941
147952
147991
148000
148002
148006
148011
148014
148019
148024
148032
148077
148084
148085
148088
148089
148091
148100
148101
148107
148109
148117
148122
148135
148137
148143
148144
148153
148156
148158
148159
148201
148232
148234
148235
148243
148245
148246
148248
148249
148257
148282
148291
148292
148296
148299
148305
148313
148361
148366
148368
148390
148420
148423
148440
148441
148443
148447
148456
148459
148474
148477
148485
148490
148491
148492
148493
148495
148521
148551
148566
148574
148578
148591
148596
148616
148617
148665
148674
148689
148733
148745
148758
148771
148779
148780
148781
148810
148820
148849
148858
148860
148866
148870
148873
148927
148937
148938
148960
149003
149016
149018
149021
149024
149032
149073
149087
149109
149111
149113
149122
149124
149125
149126
149134
149152
149162
149177
149178
149179
149192
149224
149298
149306
149313
149323
149325
149326
149329
149331
149347
149418
149421
149477
149479
149486
149529
149530
149531
149536
149559
149564
149582
149596
149635
149644
149666
149672
149673
149675
149678
149679
149680
149687
149689
149691
149693
149694
149709
149742
149758
149777
149794
149823
149826
149828
149830
149837
149849
149860
149862
149880
149891
149899
149921
149937
149957
149974
150022
150034
150040
150062
150063
150064
150065
150077
150089
150113
150133
150134
150135
150136
150139
150156
150160
150161
150181
150215
150217
150232
150250
150251
150252
150270
150272
150321
150364
150366
150367
150370
150396
150409
150419
150443
150450
150453
150459
150462
150491
150507
150521
150529
150566
150567
150589
150595
150599
150606
150616
150631
150659
150662
150695
150696
150697
150704
150715
150721
150726
150730
150734
150764
150769
150774
150776
150791
150837
150842
150846
150847
150856
150872
150887
150892
150904
150918
150938
150939
150953
150959
150965
150981
150982
150987
151011
151012
151026
151032
151034
151044
151079
151085
151090
151102
151120
151125
151127
151139
151143
151145
151152
151158
151168
151187
151193
151194
151216
151226
151228
151232
151233
151236
151256
151298
151300
151317
151328
151337
151352
151357
151367
151381
151406
151423
151430
151436
151440
151446
151448
151459
151462
151470
151514
151523
151531
151546
151559
151568
151592
151593
151597
151604
151615
151660
151664
151676
151700
151705
151715
151717
151730
151734
151736
151739
151786
151796
151812
151817
151829
151850
151864
151893
151909
151910
151911
151916
151974
151990
151996
152016
152044
152050
152072
152080
152086
152103
152104
152109
152144
152151
152170
152172
152175
152234
152237
152248
152277
152287
152338
152359
152385
152396
152399
152401
152424
152437
152482
152508
152513
152514
152517
152525
152527
152528
152529
152550
152555
152569
152583
152594
152603
152607
152609
152620
152622
152632
152648
152649
152650
152665
152669
152680
152768
152773
152774
152776
152786
152828
152860
152878
152896
152912
152932
152962
152974
152990
153006
153032
153034
153075
153094
153131
153132
153133
153152
153157
153175
153178
153184
153192
153197
153247
153265
153270
153278
153288
153292
153319
153321
153322
153360
153363
153369
153377
153384
153388
153390
153397
153407
153423
153454
153478
153479
153480
153489
153501
153502
153505
153521
153523
153563
153565
153575
153576
153585
153587
153607
153649
153668
153673
153700
153715
153744
153755
153759
153777
153783
153786
153787
153792
153794
153799
153813
153842
153852
153855
153860
153862
153867
153895
153900
153901
153902
153906
153909
153914
153944
153947
153952
153974
153978
153979
153996
154003
154021
154026
154030
154053
154058
154061
154075
154096
154106
154118
154133
154134
154149
154198
154217
154218
154233
154237
154238
154248
154250
154255
154264
154279
154327
154331
154349
154353
154358
154372
154376
154377
154378
154393
154406
154411
154431
154432
154461
154472
154481
154492
154512
154515
154559
154563
154566
154577
154583
154601
154603
154604
154616
154632
154634
154647
154648
154660
154667
154669
154670
154675
154680
154682
154690
154697
154702
154717
154725
154782
154783
154788
154801
154837
154838
154881
154903
154926
154928
154945
154949
154952
154957
154963
154996
155050
155053
155059
155065
155071
155138
155142
155155
155160
155172
155186
155187
155191
155193
155216
155228
155237
155246
155270
155330
155344
155349
155372
155377
155392
155406
155419
155456
155472
155523
155530
155539
155546
155575
155576
155577
155578
155584
155623
155634
155637
155643
155655
155731
155733
155765
155786
155802
155820
155843
155844
155854
155918
155924
155931
155941
155979
155984
156005
156031
156034
156046
156066
156151
156170
156171
156173
156214
156225
156256
156263
156359
156364
156367
156377
156378
156379
156393
156435
156441
156450
156469
156480
156515
156533
156549
156581
156607
156622
156643
156655
156691
156693
156753
156757
156789
156809
156936
156960
156967
156973
156984
156985
157045
157067
157100
157139
157146
157160
157219
157222
157227
157233
157249
157299
157314
157321
157346
157384
157423
157439
157443
157464
157474
157502
157525
157602
157625
157626
157642
157659
157711
157714
157767
157787
157792
157794
157804
157805
157816
157819
157835
157841
157874
157887
157909
157913
157945
157953
157987
157988
158001
158017
158052
158108
158193
158195
158220
158253
158266
158292
158309
158314
158367
158368
158375
158381
158382
158395
158399
158401
158419
158422
158478
158482
158538
158539
158549
158571
158599
158611
158618
158667
158691
158718
158729
158736
158741
158744
158795
158814
158815
158816
158819
158821
158823
158839
158846
158847
158871
158878
158883
158885
158892
158905
158910
158922
158940
158951
158956
158961
158968
158970
158972
158999
159007
159008
159035
159040
159041
159042
159043
159049
159054
159076
159105
159128
159143
159157
159173
159174
159175
159198
159216
159221
159227
159230
159234
159237
159255
159281
159283
159289
159296
159301
159341
159349
159357
159359
159376
159384
159390
159397
159417
159419
159427
159433
159440
159475
159481
159498
159526
159532
159534
159543
159555
159563
159572
159644
159672
159680
159688
159712
159715
159716
159736
159744
159791
159795
159849
159882
159903
159940
159952
159973
160044
160135
160171
160176
160208
160209
160214
160234
160267
160300
160321
160322
160381
160428
160477
160481
160510
160529
160536
160682
160715
160914
161014
161131
161150
161183
161289
161310
161335
161341
161389
161414
161426
161569
161593
161596
161614
161622
161724
161781
161785
161950
161981
162040
162041
162055
162143
162153
162182
162200
162208
162257
162292
162453
162462
162605
162699
162714
162726
162745
162843
162997
163084
163144
163155
163362
163463
163574
163768
163783
163835
164004
164005
164009
164032
164081
164085
164109
164115
164117
164153
164157
164200
164205
164289
164319
164336
164367
164399
164443
164445
164466
164484
164486
164499
164503
164515
164536
164640
164663
164664
164692
164706
164763
164783
164805
164814
164817
164825
164877
164925
164927
164954
164958
164959
164963
164986
165007
165013
165025
165027
165031
165045
165046
165049
165050
165072
165127
165174
165211
165225
165244
165246
165290
165351
165356
165387
165392
165400
165429
165436
165439
165470
165504
165533
165584
165586
165587
165594
165614
165615
165681
165724
165730
165753
165758
165761
165763
165775
165815
165828
165839
165855
165865
165868
165884
165926
165976
165984
165998
166003
166087
166089
166134
166180
166181
166212
166219
166243
166258
166316
166318
166320
166325
166349
166384
166387
166400
166401
166424
166428
166446
166467
166469
166477
166504
166535
166536
166555
166566
166586
166601
166606
166636
166637
166675
166748
166756
166758
166769
166837
166846
166862
166878
166881
166890
166982
167019
167072
167107
167164
167171
167184
167186
167190
167214
167216
167221
167228
167243
167280
167294
167317
167337
167343
167361
167379
167464
167479
167531
167533
167535
167567
167568
167583
167601
167602
167610
167621
167641
167642
167643
167645
167646
167647
167650
167651
167652
167653
167654
167656
167657
167658
167660
167661
167704
167716
167811
167816
167830
167903
167907
167908
167958
167966
167978
167980
168012
168040
168098
168101
168116
168122
168152
168172
168187
168190
168203
168218
168249
168252
168256
168266
168267
168269
168274
168299
168333
168340
168356
168376
168384
168395
168404
168405
168420
168435
168437
168444
168457
168469
168490
168540
168549
168557
168558
168622
168638
168655
168668
168709
168733
168744
168752
168756
168757
168794
168796
168812
168829
168881
168883
168905
168935
168946
168995
168998
169008
169045
169090
169092
169097
169127
169131
169135
169140
169152
169231
169254
169291
169307
169329
169349
169363
169457
169533
169534
169538
169544
169545
169578
169584
169610
169617
169661
169662
169678
169708
169716
169718
169719
169781
169798
169804
169807
169813
169823
169838
169876
169885
169919
169954
169963
169988
170005
170008
170017
170037
170062
170074
170075
170092
170141
170161
170171
170172
170228
170255
170268
170301
170311
170327
170335
170365
170384
170395
170398
170421
170422
170456
170506
170563
170576
170610
170640
170750
170773
170803
170805
170822
170833
170840
170845
170847
170857
170858
170914
170937
170942
170990
171058
171061
171070
171121
171143
171147
171159
171211
171237
171245
171272
171277
171302
171325
171341
171349
171350
171351
171357
171401
171479
171481
171500
171534
171570
171587
171630
171720
171752
171775
171776
171780
171787
171793
171800
171807
171810
171819
171853
171886
171889
171898
171910
171970
171976
171988
171991
172000
172002
172011
172021
172024
172056
172129
172143
172146
172196
172245
172256
172278
172294
172295
172372
172389
172393
172399
172455
172470
172502
172506
172514
172520
172555
172563
172578
172595
172633
172660
172661
172662
172663
172664
172666
172684
172693
172711
172729
172738
172778
172790
172832
172912
172913
172932
172980
173011
173054
173064
173070
173079
173194
173236
173272
173273
173341
173344
173347
173354
173366
173396
173423
173426
173453
173482
173523
173524
173565
173643
173648
173686
173696
173706
173715
173725
173734
173795
173847
173851
173897
173916
173924
173962
173995
174020
174030
174032
174070
174100
174102
174124
174129
174133
174141
174167
174182
174297
174309
174328
174411
174423
174433
174435
174487
174636
174638
174667
174708
174733
174758
174767
174831
174843
174844
174847
174952
175077
175083
175112
175127
175195
175233
175282
175288
175322
175346
175348
175349
175356
175371
175403
175432
175456
175476
175499
175506
176520
176525
178524
179512
179528
187514
187515
188522
188524
189511
195512
198516
207515
208512
208514
216511
217514
220516
221515
221520
222525
226535
226540
226578
226580
226581
226591
226606
226683
226708
226725
226728
226756
238786
238791
242791
246787
248786
249787
250787
268797
268813
268823
269855
269859
269866
269919
269922
269923
269924
269926
269927
269955
269966
269984
269991
269999
272031
273027
277027
277033
277056
277073
277085
277138
279028
279029
281033
281061
281065
281078
281102
281103
281119
281121
281176
281177
281213
281236
281242
281285
281302
281336
281337
281385
281410
281510
281539
281578
281593
281597
281603
281604
281607
281621
281623
281626
281709
281725
281727
281739
281740
281779
281785
281793
281820
281827
281831
281832
281861
281901
281904
281918
281933
281951
281958
281995
282023
282060
282079
282085
282086
282100
282107
282140
282202
282209
282236
282241
282329
282331
282332
282415
282431
282433
282448
282477
282480
282486
282498
282519
282547
282557
282563
282580
282589
282605
282608
282612
282619
282626
282630
282643
282651
282710
282732
282755
282756
282835
282863
282872
282909
282918
282920
282940
282960
282968
282981
282998
283004
283014
283015
283027
283028
283031
283040
283060
283078
283087
283112
283120
283134
283148
283155
283165
283210
283250
283256
283263
283303
283304
283330
283339
283342
283356
283362
283390
283405
283409
283418
283430
283457
283458
283472
283477
283508
283511
283514
283515
283545
283550
283558
283560
283566
283584
283590
283653
283701
283726
283794
283799
283816
283824
283843
283850
283856
283873
283881
283891
283930
283937
283942
283952
283959
283965
283992
284031
284050
284079
284131
284165
284172
284175
284187
284203
284298
284307
284359
284368
284464
284486
284501
284506
284519
284530
284576
284590
284648
284656
284663
284714
284744
284750
284758
284804
284840
284893
284894
284914
284928
284938
284939
284952
284982
284987
285084
285106
285116
285128
285175
285198
285213
285216
285222
285223
285224
285252
285277
285300
285310
285387
285402
285405
285406
285411
285420
285439
285468
285480
285502
285507
285537
285558
285573
285580
285582
285630
285633
285668
285684
285685
285722
285729
285731
285780
285783
285784
285841
285852
285895
285907
285961
285967
285976
285985
285987
286002
286005
286014
286024
286025
286037
286071
286085
286115
286129
286151
286153
286177
286243
286251
286256
286268
286288
286322
286379
286464
286494
286531
286622
286643
286665
286669
286671
287502
287507
287519
287630
287728
287754
287755
287758
287761
287782
287788
287845
287876
287900
287909
287912
287916
287980
287986
288004
288101
288104
288142
288156
288178
288199
288202
288227
288239
288254
288263
288271
288294
288383
288410
288442
288462
288502
288557
288566
288568
288572
288576
288590
288632
288712
288714
288747
288767
288780
288792
288810
288811
288813
288817
288827
288831
288833
288863
288883
288886
288891
288894
288898
288905
288932
288933
288946
289046
289055
289063
289090
289140
289169
289193
289250
289290
289317
289325
289328
289343
289344
289415
289429
289434
289456
289481
289499
289553
289604
289605
289737
289754
289822
289839
289863
289870
289919
289977
290043
290076
290114
290190
290210
290215
290216
290230
290233
290234
290240
290244
290248
290298
290302
290306
290317
290327
290348
290388
290408
290488
290555
290564
290565
290605
290635
290665
290750
290765
290909
290944
290948
290955
290963
290965
291063
291065
291120
291297
291333
291356
291361
291387
291396
291417
291437
291546
291649
291663
291708
291709
291763
291767
291773
291786
291858
291875
291902
291904
291933
292022
292119
292163
292240
292246
292295
292325
292402
292454
292521
292551
292589
292661
292776
292783
292799
292845
292931
293019
293066
293128
293138
293152
293194
293244
293345
293368
293370
293414
293416
293448
293551
293630
294016
294024
294197
294271
294323
294417
294643
294926
295178
295542
295557
295859
295879
296462
296764
296772
296788
296855
296886
296912
296964
297022
297028
297029
297226
297239
297287
297324
297375
297422
297463
297470
297477
297516
297523
297563
297591
297596
297644
297665
297679
297680
297681
297701
297706
297750
297763
297797
297799
297800
297864
297890
297905
297930
297949
297976
297977
297979
297984
298008
298044
298048
298058
298069
298072
298079
298105
298131
298136
298137
298234
298276
298311
298343
298361
298367
298395
298422
298515
298578
298608
298625
298660
298683
298769
298791
298809
298838
298868
298893
298949
299008
299011
299033
299039
299058
299064
299110
299155
299176
299188
299201
299219
299274
299280
299308
299318
299321
299322
299335
299357
299381
299407
299408
299410
299423
299468
299519
299526
299540
299547
299549
299584
299589
299606
299608
299631
299634
299655
299659
299723
299729
299736
299740
299808
299810
299827
299874
299892
299896
299935
299959
299963
300003
300059
300130
300139
300150
300155
300209
300233
300248
300253
300262
300279
300280
300285
300288
300351
300358
300401
300439
300440
300460
300528
300536
300572
300577
300596
300607
300626
300634
300640
300679
300684
300691
300729
300751
300772
300796
300803
300853
300856
300899
300908
300926
300947
300966
300977
300998
301004
301017
301273
301289
301394
301472
301629
301819
301898
301925
301996
302015
302037
302046
302050
302082
302091
302112
304095
304163
304165
304237
304272
304313
304317
304328
304360
304381
304396
304405
304414
304434
304472
304501
304532
304537
304551
304563
304566
304569
304574
304587
304588
304600
304601
304640
304656
304751
304761
304777
304792
304839
304918
304994
305000
305027
305063
305130
305135
305147
305171
305174
305184
305189
305200
305262
305279
305319
305330
305353
305361
305418
305515
305541
305585
305662
305693
305706
305772
305818
305834
305852
305907
305908
305918
305928
305935
305961
305963
305988
306011
306029
306060
306092
306097
306101
306113
306181
306183
306193
306249
306282
306332
306341
306343
306354
306364
306373
306422
306512
306559
306611
306627
306647
306649
306661
306692
306750
306775
306889
306903
306909
306951
306971
306985
307060
307082
307093
307109
307206
307238
307270
307279
307399
307430
307447
307455
307472
307474
307477
307492
307508
307532
307590
307600
307657
307690
307758
307771
307780
307781
307831
307857
307905
307917
307956
308066
308125
308203
308213
308284
308289
308304
308433
308456
308518
308543
308567
308575
308617
308880
309012
309026
309048
309073
309087
309093
309098
309158
309193
309195
309241
309292
309313
309314
309321
309350
309360
309437
309455
309499
309519
309550
309558
309569
309574
309583
309588
309668
309706
309708
309709
309710
309720
309814
309841
309923
309940
309954
309955
309956
309974
310046
310101
310169
310170
310173
310203
310282
310290
310298
310305
310345
310351
310369
310408
310410
310415
310427
310433
310446
310457
310460
310476
310529
310544
310576
310578
310635
310647
310648
310654
310681
310713
310736
310744
310788
310790
310849
310873
310890
310895
310912
310913
310915
311007
311009
311019
311020
311146
311178
311237
311243
311274
311302
311317
311342
311375
311445
311448
311469
311519
311596
311615
311636
311650
311671
311674
311687
311747
311773
311789
311852
311868
311889
311911
311970
312003
312157
312158
312209
312216
312252
312258
312284
312309
312314
312342
312370
312379
312401
312462
312464
312478
312531
312537
312547
312549
312594
312622
312642
312689
312753
312762
312763
312773
312777
312784
312814
312837
312876
312942
313015
313040
313051
313056
313060
313115
313116
313169
313171
313177
313187
313255
313267
313304
313305
313329
313358
313390
313453
313539
313565
313712
313759
313766
313779
313781
313784
313807
313875
314032
314056
314071
314075
314295
314497
314519
314540
314544
314549
314557
314604
314622
314640
314644
314653
314674
314756
314777
314782
314787
314806
314816
314855
314858
314859
314893
314943
314958
314965
315067
315100
315101
315120
315142
315147
315151
315178
315183
315194
315239
315244
315263
315324
315364
315440
315446
315469
315473
315492
315499
315570
315582
315720
315754
315756
315763
315768
315811
315829
315838
315851
315860
315934
315939
315947
316024
316044
316049
316055
316063
316115
316117
316189
316222
316226
316232
316281
316304
316331
316392
316407
316477
316544
316580
316636
316641
316748
316822
316863
316889
316896
316924
316925
317000
317007
317012
317016
317073
317077
317111
317194
317195
317245
317250
317259
317284
317345
317355
317371
317379
317386
317427
317428
317434
317519
317542
317544
317568
317570
317571
317602
317608
317610
317612
317613
317624
317687
317711
317740
317745
317750
317772
317798
317807
317903
317916
317934
317944
317969
318021
318088
318120
318170
318171
318177
318266
318268
318269
318279
318301
318366
318377
318434
318437
318493
318523
318536
318546
318555
318565
318592
318629
318657
318714
318733
318803
318850
318893
318970
318978
318986
319197
319289
319308
319373
319448
319484
319501
319550
319564
319582
319737
320717
320730
320820
321004
321104
321111
321134
321167
321217
321600
321748
321828
321842
321846
321877
321878
321941
321951
321959
321969
321974
322039
322040
322060
322118
322130
322170
322200
322213
322233
322250
322259
322261
322274
322297
322350
322351
322382
322424
322438
322460
322519
322608
322618
322676
322687
322688
322695
322769
322789
322799
322826
322843
322864
322870
322879
322889
322944
322958
322991
322998
323005
323042
323088
323110
323135
323197
323214
323281
323296
323320
323347
323367
323377
323408
323442
323456
323458
323504
323556
323567
323596
323598
323643
323671
323693
323736
323755
323764
323786
323859
323885
323904
323947
324026
324086
324098
324105
324119
324143
324156
324173
324209
324218
324243
324343
324347
324388
324480
324528
324533
324549
324582
324586
324594
324624
324631
324657
324662
324670
324818
324943
325025
325038
325051
325062
325089
325125
325132
325143
325198
325212
325242
325266
325281
325317
325346
325409
325421
325507
325528
325575
325641
325693
325710
325715
325803
325914
325950
326036
326039
326041
326060
326116
326171
326173
326199
326313
326468
326494
326512
326524
326530
326538
326590
326627
326718
326791
326891
326968
326979
327035
327111
327149
327213
327258
327279
327313
327326
327332
327354
327424
327493
327513
327518
327555
327588
327657
327699
327738
327749
327779
327792
327839
327842
327863
327903
327907
327963
327983
328064
328082
328174
328178
328256
328312
328336
328399
328492
328523
328570
328573
328592
328623
328627
328645
328646
328756
328777
328894
328918
328928
328975
329008
329071
329096
329114
329146
329157
329164
329185
329204
329276
329291
329365
329383
329399
329446
329496
329589
329594
329619
329672
329747
329878
329919
329931
329978
329985
330055
330080
330091
330096
330215
330235
330299
330300
330314
330402
330480
330483
330561
330562
330570
330576
330628
330640
330745
330788
330789
330834
330872
330920
330982
330993
331282
331283
331300
331309
331366
331511
331531
331682
331780
331792
331846
331954
331956
332100
332134
332192
332335
332344
332390
332412
332432
332459
332477
332480
332495
332503
332517
332576
332577
332581
332630
332709
332751
332788
332851
332886
332887
332916
332974
333010
333028
333073
333140
333160
333198
333218
333220
333374
333575
333685
333747
333770
333820
333874
333967
333971
334101
334163
334508
334532
334543
334561
334668
334683
334696
334711
334727
334741
334867
334902
334911
334916
334925
334963
334982
335070
335083
335130
335242
335263
335283
335284
335339
335369
335402
335417
335433
335439
335474
335519
335561
335569
335615
335666
335680
335726
335758
335764
335780
335824
335829
335971
336019
336094
336230
336257
336265
336295
336336
336389
336405
336439
336464
336494
336536
336594
336663
336670
336674
336681
336840
337237
337272
337303
337318
337344
337349
337410
337460
337480
337495
337499
337600
337630
337631
337667
337681
337762
337835
337850
337940
337963
337986
337987
338007
338014
338095
338136
338209
338230
338246
338330
338418
338420
338460
338713
338747
338859
338920
338939
338980
339082
339111
339321
339355
339539
339702
339734
339898
340041
340475
340568
340644
340660
340762
341112
341113
341216
341445
341453
341456
341457
341781
341805
341889
342120
342171
342388
342540
342541
342543
342544
342546
342547
342549
342550
342552
342558
342560
342561
342564
342567
342568
342569
342570
342571
342572
342575
342576
342578
342580
342585
342586
342588
342596
342597
342598
342604
342608
342610
342612
342613
342618
342619
342621
342625
342627
342637
342638
342640
342641
342644
342646
342648
342651
342652
342655
342657
342658
342659
342660
342661
342664
342665
342666
342667
342669
342671
342672
342673
342674
342675
342680
342682
342685
342689
342690
342691
342692
342694
342696
342697
342699
342700
342701
342708
342713
342717
342718
342721
342723
342724
342726
342728
342731
342732
342735
342736
342737
342746
342748
342752
342753
342757
342761
342763
342767
342771
342773
342776
342777
342781
342786
342788
342789
342792
342793
342795
342799
342802
342803
342806
342808
342812
342813
342814
342815
342819
342820
342821
342822
342824
342826
342827
342828
342832
342833
342843
342844
342848
342849
342857
342858
342860
342862
342869
342872
342875
342882
342884
342885
342888
342890
342892
342896
342897
342899
342904
342908
342910
342911
342912
342913
342914
342916
342918
342919
342921
342924
342925
342926
342927
342928
342929
342932
342934
342937
342938
342943
342947
342949
342950
342953
342954
342960
342961
342962
342967
342969
342972
342976
342982
342985
342989
342991
342994
342997
342999
343001
343004
343007
343009
343011
343013
343016
343017
343020
343021
343024
343028
343031
343032
343037
343045
343048
343053
343056
343057
343058
343062
343065
343066
343068
343072
343074
343079
343080
343090
343091
343096
343097
343101
343104
343105
343125
343126
343129
343132
343133
343141
343144
343149
343150
343159
343160
343161
343163
343174
343176
343178
343188
343191
343192
343193
343194
343195
343196
343197
343201
343208
343210
343215
343216
343219
343222
343228
343230
343232
343235
343240
343244
343247
343248
343249
343251
343256
343257
343260
343263
343269
343270
343272
343276
343285
343290
343292
343293
343298
343299
343301
343303
343304
343307
343308
343312
343313
343315
343330
343340
343348
343368
343369
343373
343376
343378
343379
343382
343391
343400
343401
343433
343435
343438
343439
343447
343454
343455
343460
343465
343466
343471
343482
343483
343489
343494
343496
343502
343505
343507
343513
343523
343526
343527
343541
343542
343550
343553
343564
343571
343633
343638
343639
343656
343697
343702
343703
343706
343711
343718
343738
343739
343750
343755
343760
343851
874150
1000001
1000002
1000003
1000004
1000005
1000006
1000007
1000008
1000009
754822274
