754822274
1000005
1000004
1000003
1000002
1000001
343851
343760
343755
343750
343739
343718
343711
343706
343703
343702
343697
343656
343639
343638
343633
343571
343564
343553
343550
343542
343541
343527
343526
343523
343513
343507
343505
343502
343496
343494
343489
343483
343482
343471
343466
343465
343460
343455
343454
343447
343439
343438
343435
343433
343401
343400
343391
343382
343379
343378
343376
343373
343369
343368
343348
343340
343330
343315
343313
343312
343308
343307
343304
343303
343301
343299
343298
343293
343292
343290
343285
343276
343272
343270
343269
343263
343260
343257
343256
343251
343249
343248
343247
343244
343240
343235
343232
343230
343228
343222
343219
343216
343215
343210
343208
343201
343197
343196
343195
343194
343193
343192
343191
343188
343178
343176
343174
343163
343161
343160
343159
343150
343149
343144
343141
343133
343132
343129
343126
343125
343105
343104
343101
343097
343096
343091
343090
343080
343079
343074
343072
343068
343066
343065
343062
343058
343057
343056
343053
343048
343045
343037
343032
343031
343028
343024
343021
343020
343017
343016
343013
343011
343009
343007
343004
343001
342999
342997
342994
342991
342989
342985
342982
342976
342972
342969
342967
342962
342961
342960
342954
342953
342950
342949
342947
342943
342938
342937
342934
342932
342929
342928
342927
342926
342925
342924
342921
342919
342918
342916
342914
342913
342912
342911
342910
342908
342904
342899
342897
342896
342892
342890
342888
342885
342884
342882
342875
342872
342869
342862
342860
342858
342857
342849
342848
342844
342843
342833
342832
342828
342827
342826
342824
342822
342821
342820
342819
342815
342814
342813
342812
342808
342806
342803
342802
342799
342795
342793
342792
342789
342788
342786
342781
342777
342776
342773
342771
342767
342763
342761
342757
342753
342752
342748
342746
342737
342736
342735
342732
342731
342728
342726
342724
342723
342721
342718
342717
342713
342708
342701
342700
342699
342697
342696
342694
342692
342691
342690
342689
342685
342682
342680
342675
342674
342673
342672
342671
342669
342667
342666
342665
342664
342661
342660
342659
342658
342657
342655
342652
342651
342648
342646
342644
342641
342640
342638
342637
342627
342625
342621
342619
342618
342613
342612
342610
342608
342604
342598
342597
342596
342588
342586
342585
342580
342578
342576
342575
342572
342571
342570
342569
342568
342567
342564
342561
342560
342558
342552
342550
342549
342547
342546
342544
342543
342541
342540
342388
342171
342120
341889
341805
341781
341457
341456
341453
341445
341216
341113
341112
340660
340644
340475
339898
339734
339702
339539
339355
339321
339082
338980
338939
338747
338713
338418
338230
338209
338095
337835
337681
337631
337630
337600
337410
337318
337303
337237
336840
336681
336674
336670
336663
336536
336494
336389
336336
336295
336265
336230
336094
335971
335780
335758
335726
335680
335615
335569
335561
335439
335433
335369
335339
335284
335283
335242
335130
335070
334982
334925
334911
334902
334727
334711
334683
334668
334532
334508
334163
334101
333971
333967
333820
333685
333220
333218
333198
333028
332974
332886
332851
332788
332751
332630
332581
332577
332576
332503
332480
332477
332459
332390
332344
332192
331846
331792
331682
331531
331511
331366
331309
331282
330982
330872
330834
330789
330788
330745
330640
330628
330576
330570
330562
330561
330483
330480
330402
330300
330299
330235
330215
330091
330080
329985
329931
329919
329878
329747
329619
329594
329589
329496
329446
329399
329383
329276
329204
329185
329146
329096
328975
328894
328756
328646
328645
328627
328573
328570
328399
328178
328064
327983
327907
327903
327842
327779
327749
327738
327699
327588
327518
327424
327354
327332
327326
327313
327279
327213
327149
327111
327035
326968
326791
326538
326530
326494
326468
326313
326173
326171
326116
326060
325950
325914
325715
325710
325693
325641
325575
325421
325409
325317
325281
325266
325242
325132
325125
325089
325051
325038
325025
324943
324670
324662
324631
324624
324594
324586
324582
324549
324533
324480
324218
324173
324156
324143
324086
323947
323904
323764
323736
323643
323598
323596
323567
323556
323504
323458
323442
323408
323367
323347
323296
323281
323135
323005
322998
322991
322958
322889
322879
322870
322864
322843
322799
322789
322695
322688
322676
322608
322519
322424
322382
322350
322297
322274
322261
322259
322250
322233
322200
322170
322130
322060
322040
322039
321974
321969
321959
321951
321941
321877
321846
321748
321600
321217
321134
321111
321104
321004
320820
320730
319737
319582
319564
319484
319448
319373
319308
319289
318978
318803
318733
318714
318657
318629
318592
318546
318493
318437
318366
318301
318279
318269
318170
318120
318088
317944
317934
317916
317807
317772
317745
317711
317687
317608
317602
317571
317544
317542
317519
317386
317379
317284
317245
317111
317077
317073
317016
317012
317007
317000
316925
316924
316896
316889
316641
316636
316544
316477
316407
316331
316304
316232
316222
316117
316063
316055
316049
316024
315934
315851
315838
315811
315768
315763
315720
315582
315570
315492
315473
315440
315364
315324
315263
315244
315239
315183
315147
315142
315120
315101
315100
314965
314958
314859
314858
314816
314806
314787
314777
314756
314674
314653
314640
314622
314604
314497
314075
314071
314056
314032
313875
313807
313779
313759
313712
313565
313539
313453
313358
313304
313267
313255
313171
313116
313056
313051
313040
313015
312942
312876
312837
312814
312777
312773
312762
312689
312547
312537
312478
312464
312462
312401
312379
312342
312314
312284
312258
312252
312216
312157
311970
311911
311889
311868
311852
311747
311687
311674
311671
311650
311615
311469
311445
311342
311243
311237
311178
311146
311019
311009
310912
310895
310873
310849
310790
310788
310744
310736
310713
310681
310654
310648
310647
310635
310578
310576
310529
310476
310460
310457
310446
310433
310427
310415
310410
310369
310345
310305
310282
310203
310173
310170
310101
310046
309974
309956
309955
309954
309841
309814
309720
309710
309709
309708
309668
309588
309558
309550
309519
309455
309360
309350
309314
309313
309195
309098
309087
309073
308575
308567
308456
308304
308203
308125
308066
307956
307857
307831
307781
307771
307758
307690
307657
307600
307590
307532
307492
307477
307472
307455
307447
307270
307238
307206
307109
307060
306985
306971
306951
306909
306903
306692
306661
306647
306559
306512
306354
306343
306341
306332
306282
306249
306113
306101
306097
306060
306011
305988
305963
305961
305908
305907
305852
305834
305818
305772
305706
305693
305585
305515
305418
305353
305319
305262
305189
305184
305174
305171
305135
305130
305063
305027
304994
304918
304792
304640
304588
304569
304563
304551
304532
304501
304472
304434
304405
304396
304360
304328
304317
304313
304272
304237
304163
302091
302082
302050
302037
301925
301898
301819
301629
301394
301273
301017
300977
300966
300908
300899
300856
300772
300751
300684
300679
300640
300634
300626
300596
300572
300460
300440
300401
300358
300351
300285
300280
300279
300262
300253
300248
300233
300155
300150
300139
300130
300003
299963
299959
299896
299827
299810
299740
299723
299608
299606
299589
299584
299549
299547
299540
299526
299408
299407
299381
299357
299335
299322
299318
299308
299280
299219
299201
299188
299176
299064
299039
299011
298893
298868
298838
298791
298769
298683
298608
298515
298422
298367
298234
298137
298136
298131
298105
298079
298072
298058
298044
298008
297976
297890
297797
297750
297681
297680
297665
297644
297596
297591
297563
297516
297470
297463
297324
297287
297028
297022
296964
296855
296788
296772
296764
296462
295879
295859
295542
295178
294926
294643
294417
294323
294197
294024
294016
293630
293551
293448
293414
293370
293368
293345
293194
293152
293138
293066
293019
292931
292845
292799
292783
292776
292661
292551
292521
292454
292402
292295
292246
291933
291904
291902
291858
291786
291773
291763
291709
291708
291663
291649
291546
291437
291417
291396
291387
291361
291356
291333
291297
291065
290963
290948
290909
290635
290605
290565
290564
290555
290488
290408
290388
290348
290327
290317
290306
290302
290298
290248
290244
290240
290233
290230
290216
290190
290114
290076
290043
289977
289919
289870
289863
289737
289604
289553
289429
289344
289343
289325
289290
289250
289193
289169
289090
289046
288933
288905
288898
288894
288886
288883
288863
288833
288817
288811
288810
288792
288780
288747
288714
288712
288590
288576
288572
288566
288557
288502
288462
288442
288383
288294
288271
288263
288239
288227
288199
288178
288156
288104
288101
288004
287986
287980
287916
287909
287845
287761
287758
287755
287754
287630
287502
286671
286669
286622
286494
286379
286322
286251
286243
286177
286153
286151
286129
286085
286071
286037
286024
286014
286005
286002
285987
285985
285967
285961
285907
285895
285852
285780
285731
285729
285722
285685
285668
285633
285630
285582
285580
285558
285507
285502
285468
285406
285405
285387
285310
285300
285252
285223
285213
285175
285128
285116
285106
285084
284987
284982
284952
284928
284914
284840
284758
284744
284714
284663
284656
284648
284590
284519
284506
284501
284486
284307
284298
284203
284187
284165
284079
284050
284031
283952
283942
283930
283891
283856
283850
283843
283824
283816
283794
283726
283653
283584
283545
283515
283511
283472
283458
283457
283430
283418
283405
283390
283362
283356
283342
283330
283304
283303
283263
283256
283250
283210
283165
283155
283148
283120
283112
283087
283078
283060
283040
283031
283028
283027
283015
283014
283004
282998
282981
282968
282960
282920
282918
282909
282872
282863
282835
282755
282710
282643
282626
282612
282605
282589
282580
282563
282557
282547
282519
282498
282486
282477
282448
282431
282332
282331
282329
282241
282236
282209
282202
282140
282100
282079
282023
281995
281958
281933
281861
281832
281831
281827
281793
281785
281779
281740
281739
281725
281626
281621
281604
281597
281593
281578
281539
281510
281410
281385
281337
281336
281302
281285
281242
281236
281213
281121
281102
281078
277138
277085
277073
277056
277027
272031
269991
269955
269927
269923
269922
269919
269866
269855
268823
268797
250787
249787
248786
246787
242791
226756
226728
226725
226708
226683
226606
226580
226578
226535
222525
221520
221515
220516
217514
208514
208512
207515
195512
188524
188522
187515
187514
179512
178524
176525
176520
175506
175476
175432
175403
175371
175348
175346
175288
175282
175233
175195
175127
175112
175083
175077
174847
174844
174843
174767
174758
174733
174708
174638
174636
174435
174433
174423
174411
174328
174309
174182
174167
174141
174129
174124
174102
174100
174070
174032
174030
174020
173995
173962
173916
173897
173851
173847
173734
173725
173715
173706
173696
173686
173648
173565
173524
173482
173453
173423
173396
173354
173347
173344
173341
173272
173194
173079
173070
173064
173054
173011
172980
172932
172832
172790
172738
172693
172684
172666
172661
172633
172595
172578
172563
172555
172520
172514
172502
172470
172399
172393
172389
172372
172294
172278
172256
172196
172011
172002
172000
171991
171988
171976
171898
171889
171886
171787
171780
171752
171720
171630
171570
171534
171481
171479
171401
171351
171350
171325
171302
171277
171237
171159
171143
171070
171058
170990
170937
170914
170858
170857
170847
170845
170840
170822
170805
170803
170773
170750
170640
170610
170576
170563
170456
170398
170395
170384
170365
170335
170327
170311
170301
170255
170171
170161
170092
170075
170037
170017
170008
169988
169963
169954
169885
169876
169838
169823
169813
169804
169798
169719
169718
169716
169662
169661
169617
169610
169584
169578
169538
169534
169533
169457
169349
169329
169307
169291
169231
169152
169140
169135
169045
169008
168998
168995
168946
168883
168829
168812
168794
168756
168744
168733
168709
168668
168638
168622
168557
168540
168444
168437
168435
168405
168404
168395
168384
168333
168299
168267
168266
168256
168252
168249
168203
168190
168187
168122
168116
168101
168040
168012
167980
167966
167958
167908
167830
167816
167811
167716
167704
167661
167660
167658
167657
167656
167654
167653
167652
167651
167650
167647
167646
167645
167643
167642
167641
167621
167610
167602
167583
167568
167533
167479
167464
167361
167343
167317
167294
167243
167228
167216
167214
167171
167072
167019
166982
166890
166881
166878
166862
166837
166769
166756
166748
166606
166601
166586
166566
166555
166536
166504
166467
166428
166401
166400
166349
166325
166318
166316
166258
166243
166219
166212
166181
166134
166089
166087
166003
165998
165984
165976
165926
165884
165868
165865
165855
165839
165828
165815
165775
165763
165761
165753
165730
165724
165681
165615
165504
165439
165436
165392
165387
165356
165351
165290
165246
165244
165225
165211
165174
165127
165031
165027
165025
165013
165007
164986
164963
164958
164925
164877
164825
164817
164805
164783
164706
164692
164663
164536
164515
164499
164486
164484
164466
164445
164443
164367
164205
164200
164153
164117
164109
164085
164081
164032
164009
164005
163835
163783
163768
163574
163362
163144
163084
162997
162843
162714
162699
162605
162462
162453
162292
162257
162208
162200
162143
162055
162041
162040
161981
161950
161781
161724
161622
161614
161593
161569
161426
161414
161389
161335
161310
161183
161150
161131
161014
160914
160715
160682
160536
160510
160481
160428
160381
160322
160321
160300
160267
160234
160214
160209
160208
160171
160044
159973
159952
159940
159882
159849
159791
159744
159736
159716
159715
159712
159688
159672
159644
159572
159563
159534
159526
159481
159475
159440
159427
159419
159417
159390
159376
159359
159357
159349
159301
159296
159289
159255
159237
159227
159221
159216
159198
159175
159157
159105
159076
159043
159042
159040
159035
159007
158999
158972
158970
158956
158940
158922
158910
158905
158847
158846
158839
158823
158821
158819
158816
158815
158795
158744
158729
158718
158667
158618
158571
158539
158482
158478
158422
158401
158399
158395
158382
158381
158375
158314
158292
158253
158220
158108
158052
158017
158001
157945
157913
157887
157874
157841
157835
157819
157805
157794
157792
157787
157714
157711
157659
157626
157602
157464
157443
157439
157423
157314
157299
157249
157227
157222
157219
157160
157139
157100
157067
157045
156985
156984
156973
156809
156789
156757
156753
156643
156622
156607
156549
156533
156480
156469
156450
156435
156393
156379
156378
156367
156263
156225
156214
156171
156170
156151
156066
156034
156005
155941
155820
155802
155786
155765
155733
155655
155643
155637
155623
155584
155576
155546
155539
155530
155472
155419
155406
155392
155377
155372
155349
155344
155330
155270
155237
155216
155193
155186
155172
155155
155142
155138
155071
155065
154996
154963
154957
154952
154949
154928
154881
154837
154801
154783
154725
154717
154702
154697
154690
154682
154680
154660
154647
154634
154632
154616
154604
154603
154577
154563
154559
154515
154481
154472
154461
154431
154411
154406
154393
154378
154377
154376
154353
154349
154331
154327
154279
154264
154255
154250
154248
154238
154237
154218
154198
154149
154134
154118
154106
154053
154026
154021
154003
153996
153979
153952
153914
153906
153902
153900
153867
153862
153855
153852
153799
153787
153786
153783
153777
153759
153755
153744
153715
153700
153668
153649
153607
153585
153576
153563
153502
153478
153454
153407
153397
153390
153388
153377
153369
153360
153322
153319
153292
153288
153278
153265
153247
153197
153192
153184
153175
153152
153094
153075
153032
152990
152974
152932
152912
152828
152786
152776
152773
152680
152665
152650
152649
152648
152632
152622
152620
152609
152607
152583
152569
152555
152550
152528
152525
152517
152514
152513
152508
152482
152401
152396
152277
152248
152237
152175
152170
152151
152104
152103
152072
152050
152044
152016
151916
151911
151909
151850
151829
151739
151736
151734
151717
151715
151700
151676
151664
151660
151615
151604
151592
151568
151559
151546
151531
151523
151514
151470
151462
151448
151446
151440
151436
151406
151381
151367
151352
151328
151317
151300
151298
151236
151233
151228
151216
151194
151193
151187
151168
151158
151152
151143
151139
151127
151125
151102
151090
151034
151032
150981
150959
150953
150939
150918
150904
150872
150847
150846
150842
150837
150791
150764
150734
150730
150726
150721
150715
150704
150697
150696
150662
150659
150631
150606
150599
150595
150529
150507
150491
150459
150450
150443
150419
150396
150370
150366
150364
150321
150272
150252
150251
150250
150232
150181
150161
150160
150139
150134
150065
150062
150040
150034
150022
149937
149921
149899
149891
149880
149862
149849
149830
149828
149826
149823
149794
149777
149758
149742
149709
149694
149693
149691
149687
149680
149679
149678
149675
149666
149596
149582
149564
149559
149418
149347
149329
149326
149313
149298
149178
149162
149152
149134
149126
149124
149122
149111
149109
149024
149021
149018
149003
148938
148873
148866
148858
148849
148810
148781
148780
148779
148771
148733
148674
148617
148616
148596
148591
148578
148574
148566
148551
148495
148485
148477
148459
148456
148447
148443
148361
148305
148299
148296
148292
148282
148245
148158
148156
148153
148144
148122
148117
148109
148107
148101
148100
148091
148084
148002
147991
147952
147912
147839
147794
147786
147779
147763
147746
147729
147691
147685
147534
147529
147509
147472
147420
147382
147363
147332
147316
147314
147309
147299
147298
147286
147257
147235
147200
147183
147181
147173
147129
147117
147102
147092
147081
147074
147061
147058
147048
146981
146971
146936
146871
146870
146856
146850
146838
146811
146776
146759
146711
146671
146667
146636
146616
146615
146599
146597
146537
146514
146509
146485
146478
146415
146395
146384
146362
146344
146337
146332
146322
146269
146239
146236
146235
146230
146193
146183
146087
146057
146054
146053
146051
146049
146029
146001
145997
145994
145980
145958
145956
145946
145932
145923
145876
145869
145860
145841
145798
145790
145772
145770
145767
145751
145750
145741
145711
145706
145687
145658
145651
145595
145594
145589
145579
145560
145540
145530
145507
145488
145458
145454
145323
145265
145231
145186
145182
145130
145129
145126
145120
145097
145090
145072
145064
145056
145021
145010
144982
144981
144957
144906
144884
144875
144874
144871
144867
144856
144853
144843
144830
144827
144825
144808
144798
144686
144609
144601
144594
144522
144497
144486
144464
144449
144444
144434
144426
144421
144377
144344
144337
144298
144295
144293
144278
144270
144247
144244
144209
144207
144177
144174
144134
144133
144131
144107
144091
144088
144076
144069
144051
144049
144048
144046
144016
144008
143998
143969
143884
143869
143868
143865
143848
143839
143830
143820
143800
143797
143734
143733
143730
143727
143719
143665
143642
143570
143567
143530
143529
143528
143521
143490
143483
143478
143440
143434
143403
143384
143381
143365
143342
143323
143299
143293
143240
143212
143209
143208
143189
143163
143110
143047
143008
142998
142982
142977
142941
142930
142927
142910
142903
142871
142852
142809
142785
142772
142768
142734
142712
142672
142666
142640
142596
142558
142554
142541
142518
142502
142498
142485
142457
142439
142414
142380
142374
142373
142367
142335
142322
142295
142289
142281
142271
142261
142230
142185
142174
142170
142137
142106
142095
142082
142080
142019
142008
141962
141943
141926
141849
141790
141775
141726
141684
141667
141630
141588
141554
141532
141516
141490
141468
141430
141413
141398
141391
141375
141254
141253
141250
141238
141195
141190
141173
141091
141077
141046
141018
140994
140977
140946
140944
140926
140910
140851
140828
140824
140808
140777
140762
140725
140614
140611
140599
140592
140551
140546
140456
140393
140377
140367
140356
140345
140292
140221
140203
140195
140190
140166
140147
140136
140116
140114
140108
140103
140096
140084
140014
139981
139895
139889
139864
139830
139828
139820
139818
139792
139790
139768
139749
139713
139693
139664
139656
139652
139627
139611
139595
139587
139534
139516
139511
139505
139475
139372
139366
139347
139335
139324
139321
139304
139273
139233
139176
139175
139162
139135
139121
139107
139098
139067
139059
139018
138970
138961
138938
138919
138887
138803
138756
138638
138618
138615
138547
138524
138459
138401
138348
138164
138162
138135
138132
138123
138121
138091
138033
137999
137988
137945
137930
137919
137906
137888
137881
137839
137795
137789
137757
137751
137743
137662
137658
137631
137608
137604
137559
137497
137478
137476
137461
137438
137387
137381
137380
137356
137297
137285
137269
137224
137220
137211
137206
137198
137192
137178
137147
137115
137068
137045
137040
137028
136996
136974
136962
136959
136914
136887
136865
136859
136830
136694
136667
136654
136630
136622
136597
136596
136571
136554
136532
136433
136420
136412
136401
136392
136390
136369
136352
136300
136237
136223
136212
136184
136161
136160
136138
136131
136102
136024
135981
135924
135862
135837
135835
135738
135723
135708
135680
135676
135671
135668
135656
135644
135632
135625
135618
135613
135548
135474
135419
135414
135413
135405
135398
135396
135379
135327
135288
135287
135272
135259
135243
135195
135167
135113
135071
135041
135003
134965
134958
134953
134952
134943
134922
134921
134901
134887
134873
134797
134765
134751
134742
134736
134699
134657
134631
134628
134602
134600
134596
134593
134581
134563
134544
134510
134509
134502
134429
134411
134357
134350
134340
134311
134300
134263
134249
134173
134155
134139
134117
134104
134086
134079
134057
134045
134008
133979
133941
133912
133908
133907
133890
133877
133855
133840
133839
133837
133822
133813
133803
133798
133777
133763
133760
133754
133715
133707
133705
133701
133668
133660
133599
133593
133591
133558
133551
133542
133535
133526
133476
133467
133443
133420
133417
133407
133403
133389
133387
133378
133376
133371
133366
133358
133356
133329
133326
133290
133270
133267
133253
133241
133240
133204
133171
133169
133152
133146
133142
133104
133097
133088
133084
133082
133068
133025
133019
132984
132982
132972
132939
132938
132918
132915
132882
132873
132847
132836
132834
132798
132763
132735
132678
132644
132643
132605
132602
132585
132558
132549
132486
132465
132402
132398
132390
132344
132330
132317
132315
132299
132263
132250
132226
132221
132185
132175
132136
132131
132099
132092
132078
132070
132048
132043
132038
132026
132016
132007
132002
131991
131986
131962
131953
131901
131895
131856
131849
131848
131834
131833
131814
131804
131802
131785
131720
131714
131704
131703
131700
131688
131668
131645
131631
131620
131607
131580
131563
131539
131535
131534
131510
131453
131406
131405
131392
131390
131377
131344
131320
131308
131295
131282
131279
131275
131270
131242
131224
131221
131217
131211
131207
131167
131121
131118
131117
131114
131091
131076
131063
131037
131000
130961
130951
130914
130888
130855
130814
130790
130754
130745
130740
130735
130645
130623
130577
130569
130559
130535
130507
130497
130489
130448
130390
130251
130224
130169
130154
130144
130142
130139
130105
130032
130029
130022
130007
130000
129973
129919
129902
129897
129883
129848
129841
129824
129772
129690
129679
129669
129656
129624
129615
129614
129601
129568
129559
129505
129498
129469
129431
129402
129376
129373
129371
129332
129320
129288
129236
129208
129165
129120
129119
129104
129103
129052
129035
128990
128959
128929
128904
128892
128851
128837
128835
128803
128801
128800
128713
128680
128677
128666
128640
128605
128595
128591
128586
128568
128563
128545
128502
128423
128335
128319
128219
128212
128180
128145
128144
128143
128127
128116
128103
128089
128082
128045
128040
127987
127921
127902
127847
127844
127836
127835
127823
127818
127813
127787
127784
127734
127733
127726
127716
127701
127679
127676
127654
127653
127650
127648
127635
127597
127589
127550
127549
127496
127485
127474
127473
127383
127355
127351
127313
127303
127302
127283
127236
127228
127211
127207
127198
127157
127145
127137
127136
127134
127132
127114
127081
127042
127038
126996
126983
126936
126935
126907
126880
126818
126777
126776
126767
126655
126601
126593
126588
126550
126529
126514
126508
126447
126407
126349
126292
126291
126259
126258
126208
126192
126182
126180
126159
126136
126129
126125
126124
126122
126098
126090
126079
126077
126064
126052
126021
125962
125953
125920
125860
125858
125836
125820
125791
125703
125697
125692
125691
125650
125648
125633
125624
125610
125574
125573
125557
125547
125472
125446
125437
125402
125393
125334
125333
125250
125249
125204
125191
125117
125112
125073
125055
125004
124966
124901
124849
124737
124736
124728
124718
124716
124674
124663
124658
124615
124583
124573
124512
124504
124496
124471
124446
124430
124349
124299
124272
124245
124205
124182
124180
124156
124129
124112
124064
124057
124027
123980
123947
123913
123842
123829
123814
123809
123769
123762
123718
123711
123672
123670
123667
123652
123649
123608
123605
123530
123520
123508
123483
123462
123455
123435
123370
123318
123283
123256
123244
123235
123177
123161
123111
123095
123084
123051
123047
123034
122986
122968
122956
122931
122925
122908
122866
122821
122782
122781
122758
122731
122696
122692
122677
122640
122529
122520
122468
122465
122463
122460
122452
122447
122436
122351
122341
122307
122301
122284
122245
122155
122142
122139
122122
122082
122035
122030
122020
122007
122004
121990
121978
121958
121942
121894
121863
121795
121781
121768
121767
121735
121731
121727
121699
121669
121659
121640
121629
121622
121617
121593
121561
121555
121537
121492
121465
121456
121445
121442
121439
121395
121392
121343
121258
121254
121221
121216
121213
121192
121171
121158
121152
121136
121134
121111
121097
121081
121060
121056
121043
121019
121003
120990
120982
120974
120950
120942
120898
120894
120874
120865
120827
120780
120767
120755
120736
120724
120708
120701
120699
120632
120514
120458
120441
120420
120417
120412
120395
120387
120381
120342
120336
120313
120283
120270
120232
120222
120148
120145
120123
120121
120110
120086
120063
120059
120040
120036
120014
119995
119992
119955
119910
119890
119880
119854
119832
119801
119772
119760
119759
119732
119730
119682
119625
119609
119598
119596
119564
119558
119546
119540
119539
119524
119507
119490
119488
119449
119441
119440
119377
119342
119312
119307
119290
119279
119266
119249
119241
119220
119193
119181
119154
119143
119049
119037
119030
119024
119012
119003
118913
118851
118818
118814
118813
118812
118794
118787
118786
118734
118662
118643
118642
118639
118581
118551
118533
118519
118488
118472
118440
118385
118381
118343
118309
118304
118261
118240
118232
118199
118148
118079
118025
118006
117977
117969
117965
117958
117957
117908
117901
117867
117845
117807
117783
117756
117751
117679
117666
117629
117606
117592
117589
117567
117531
117468
117449
117429
117415
117365
117327
117307
117284
117257
117198
117183
117181
117178
117176
117143
117139
117125
117028
117015
116978
116827
116797
116778
116757
116712
116682
116681
116656
116606
116605
116602
116558
116537
116530
116515
116513
116502
116464
116407
116360
116355
116344
116341
116324
116303
116286
116284
116280
116270
116238
116218
116214
116161
116150
116144
116140
116083
116057
116048
116021
116015
116012
115974
115927
115920
115892
115877
115700
115688
115687
115670
115624
115553
115547
115489
115440
115372
115368
115364
115333
115332
115312
115304
115294
115292
115211
115175
115153
115151
115127
115115
115078
115028
115025
115009
114993
114968
114950
114909
114894
114893
114885
114847
114801
114787
114774
114703
114701
114683
114679
114674
114666
114584
114532
114497
114474
114473
114471
114412
114384
114352
114338
114310
114273
114258
114245
114243
114242
114219
114212
114203
114181
114164
114142
114127
114126
114067
114050
114048
114038
114030
114011
114002
113999
113988
113983
113961
113912
113908
113893
113892
113887
113836
113826
113819
113802
113798
113795
113794
113788
113740
113719
113713
113704
113696
113688
113665
113642
113625
113621
113591
113581
113553
113525
113506
113500
113468
113443
113413
113412
113403
113400
113392
113390
113387
113334
113326
113312
113309
113299
113291
113242
113229
113147
113113
113106
113090
113074
113057
113055
113042
113031
112973
112938
112901
112894
112892
112884
112840
112787
112758
112708
112706
112702
112697
112694
112690
112667
112630
112628
112608
112584
112567
112562
112556
112544
112525
112494
112485
112475
112417
112399
112360
112338
112323
112308
112297
112294
112284
112266
112219
112202
112193
112159
112158
112139
112119
112110
112104
112097
112091
112083
112059
112058
112028
112003
111992
111967
111912
111894
111893
111889
111872
111870
111861
111852
111842
111838
111814
111807
111787
111778
111757
111753
111747
111743
111740
111704
111694
111672
111668
111662
111657
111645
111639
111616
111562
111554
111528
111521
111516
111514
111503
111468
111458
111392
111343
111320
111316
111264
111230
111221
111198
111186
111178
111171
111167
111164
111147
111142
111135
111133
111107
111087
111085
111052
111047
111046
111033
111027
111008
111000
110995
110975
110965
110955
110953
110949
110942
110929
110922
110921
110916
110908
110898
110897
110882
110869
110841
110838
110826
110825
110786
110783
110778
110776
110775
110767
110760
110757
110754
110746
110744
110715
110709
110692
110683
110665
110653
110645
110639
110567
110561
110552
110524
110522
110518
110496
110476
110469
110457
110454
110430
110412
110410
110397
110394
110391
110383
110377
110365
110364
110356
110353
110351
110337
110329
110319
110301
110297
110291
110283
110279
110269
110264
110237
110228
110198
110188
110186
110181
110156
110115
110080
110076
110035
109998
109966
109939
109910
109906
109903
109901
109886
109869
109847
109843
109819
109807
109802
109801
109771
109732
109729
109701
109682
109681
109664
109660
109654
109648
109644
109623
109621
109620
109602
109591
109552
109524
109516
109504
109492
109488
109487
109485
109446
109427
109424
109405
109349
109335
109327
109307
109303
109278
109264
109254
109240
109238
109211
109203
109193
109184
109175
109164
109122
109116
109071
109064
109036
109032
109022
109018
109011
109002
109001
108983
108958
108950
108941
108928
108923
108913
108897
108883
108879
108863
108850
108834
108832
108830
108827
108818
108806
108805
108783
108782
108769
108763
108731
108728
108711
108702
108681
108677
108648
108628
108604
108601
108581
108579
108574
108559
108531
108530
108517
108510
108497
108488
108486
108477
108475
108450
108443
108432
108424
108407
108383
108355
108345
108344
108326
108268
108263
108258
108257
108249
108236
108231
108219
108208
108203
108188
108163
108162
108156
108149
108146
108122
108113
108100
108084
108069
108057
108050
108046
108033
108017
108006
107982
107975
107964
107955
107943
107942
107941
107938
107935
107930
107907
107900
107878
107877
107876
107875
107832
107824
107818
107807
107781
107778
107773
107769
107757
107752
107733
107727
107726
107719
107717
107708
107690
107673
107657
107656
107653
107650
107645
107627
107622
107609
107574
107569
107563
107518
107517
107434
107427
107423
107401
107346
107342
107341
107333
107319
107311
107307
107300
107271
107247
107220
107217
107165
107144
107126
107123
107122
107105
107077
107068
107066
107049
107045
107038
107028
107027
107023
107007
106982
106975
106951
106945
106926
106918
106909
106907
106871
106838
106816
106814
106807
106805
106800
106766
106754
106750
106744
106743
106725
106720
106715
106713
106711
106710
106693
106684
106668
106667
106664
106657
106639
106638
106629
106619
106608
106594
106589
106578
106575
106562
106560
106546
106536
106522
106518
106516
106505
106498
106494
106482
106474
106473
106466
106464
106440
106435
106416
106415
106398
106396
106387
106357
106352
106342
106336
106327
106316
106302
106298
106266
106257
106237
106223
106213
106189
106161
106156
106155
106139
106135
106124
106108
106093
106075
106069
106067
106036
106032
106019
106015
106012
106005
105995
105992
105986
105970
105960
105950
105918
105913
105847
105843
105842
105837
105834
105816
105812
105797
105796
105794
105791
105790
105785
105782
105780
105766
105758
105736
105734
105721
105690
105670
105666
105662
105656
105644
105638
105617
105591
105570
105564
105559
105552
105519
105496
105491
105487
105477
105471
105440
105432
105413
105405
105404
105394
105390
105387
105375
105364
105360
105348
105325
105316
105308
105303
105289
105285
105283
105281
105279
105247
105243
105215
105209
105197
105182
105151
105146
105142
105125
105108
105074
105068
105061
105026
105010
104990
104982
104976
104966
104964
104961
104957
104951
104950
104948
104931
104926
104880
104859
104790
104761
104728
104727
104720
104719
104703
104688
104672
104671
104650
104643
104635
104626
104619
104610
104606
104601
104599
104595
104594
104593
104591
104587
104581
104580
104559
104556
104555
104553
104552
104540
104536
104525
104518
104512
104510
104487
104485
104483
104476
104474
104463
104458
104457
104455
104454
104448
104446
104445
104439
104433
104428
104417
104415
104412
104400
104379
104378
104373
104369
104368
104363
104355
104348
104343
104334
104316
104313
104312
104311
104281
104266
104261
104255
104249
104248
104237
104236
104234
104233
104226
104215
104209
104204
104200
104197
104193
104189
104184
104177
104175
104169
104168
104163
104162
104161
104158
104156
104153
104137
104135
104134
104133
104128
104100
104081
104076
104071
104065
104063
104052
104051
104042
104039
104035
104031
104030
104028
104027
104026
104022
104021
104020
104019
104012
104004
104002
103989
103981
103973
103971
103970
103965
103963
103958
103957
103956
103951
103935
103934
103927
103919
103913
103910
103899
103871
103866
103863
103857
103852
103850
103849
103848
103847
103846
103821
103806
103800
103799
103797
103792
103790
103789
103782
103776
103773
103772
103768
103767
103763
103759
103747
103739
103737
103735
103734
103730
103728
103727
103723
103722
103717
103714
103711
103705
103702
103701
103580
103520
103460
103360
103340
103320
103280
102960
102920
102800
102520
102500
102380
102360
102280
102100
102040
101880
101840
101740
101680
101640
101600
101420
101220
101180
101161
101080
101020
100900
100841
100720
100700
100540
100520
100480
100460
100420
100400
100340
100320
100100
100080
100020
48027
48021
48015
47955
47927
47900
47893
47873
47847
47837
47787
47780
47778
47770
47723
47683
47682
47661
47645
47639
47588
47583
47582
47536
47535
47502
47487
47440
47397
47351
47342
47293
47275
47261
47249
47157
47127
47107
47086
47079
47069
47041
47007
46959
46948
46947
46929
46908
46902
46895
46872
46850
46838
46835
46834
46765
46743
46727
46725
46709
46684
46682
46680
46609
46605
46600
46598
46588
46561
46504
46486
46473
46472
46350
46348
46347
46346
46337
46332
46300
46259
46247
46237
46227
46226
46217
46214
46213
46206
46201
46173
46153
46147
46112
46106
46088
46075
46047
46039
46035
46003
46001
46000
45995
45993
45961
45943
45915
45908
45899
45850
45818
45744
45716
45691
45675
45646
45642
45641
45598
45561
45545
45531
45503
45501
45500
45416
45348
45314
45309
45216
45097
45091
45053
45040
44971
44965
44948
44916
44914
44905
44856
44848
44831
44807
44709
44707
44664
44645
44630
44604
44598
44566
44523
44499
44430
44402
44377
44357
44337
44326
44323
44319
44308
44267
44257
44254
44244
44211
44181
44131
44079
44064
44057
44054
44018
43940
43932
43917
43896
43882
43833
43819
43814
43803
43793
43773
43741
43730
43710
43706
43695
43689
43675
43649
43629
43625
43593
43571
43559
43557
43522
43502
43442
43431
43427
43418
43413
43373
43295
43294
43285
43276
43272
43261
43244
43238
43201
43200
43198
43196
43177
43176
43173
43162
43161
43149
43125
43120
43100
43098
43036
43035
43000
42999
42953
42949
42941
42912
42911
42888
42887
42869
42854
42846
42822
42803
42794
42774
42763
42762
42738
42737
42677
42666
42629
42619
42607
42506
42505
42485
42467
42430
42420
42414
42404
42372
42351
42310
42307
42300
42239
42194
42187
42180
42159
42150
42132
42124
42096
42071
42060
42057
42046
42025
41957
41956
41940
41936
41924
41920
41896
41848
41837
41835
41813
41791
41782
41727
41608
41585
41571
41569
41554
41534
41533
41528
41527
41506
41499
41477
41462
41461
41453
41450
41409
41400
41353
41352
41332
41316
41304
41302
41282
41271
41262
41258
41180
41178
41164
41140
41123
41067
41063
41040
40992
40982
40949
40944
40898
40881
40875
40821
40805
40803
40799
40771
40700
40692
40687
40686
40657
40655
40638
40637
40633
40631
40620
40596
40585
40418
40397
40395
40375
40355
40302
40261
40258
40231
40201
40178
40118
40077
40055
40054
40002
39986
39985
39961
39923
39916
39914
39883
39832
39806
39805
39800
39781
39733
39673
39670
39653
39636
39623
39616
39550
39543
39506
39473
39468
39461
39455
39446
39439
39438
39431
39414
39410
39347
39344
39310
39289
39285
39282
39274
39267
39262
39221
39164
39163
39118
39062
39057
39056
39022
39011
39000
38988
38964
38923
38913
38912
38885
38880
38841
38839
38820
38813
38800
38785
38784
38755
38751
38697
38649
38642
38599
38559
38553
38538
38537
38535
38439
38418
38383
38380
38379
38367
38357
38339
38330
38316
38306
38293
38245
38244
38235
38182
38123
38108
38105
38095
38088
38057
38041
38035
38030
38028
38008
38004
37942
37921
37920
37891
37886
37853
37831
37819
37813
37792
37761
37739
37731
37711
37710
37704
37702
37693
37674
37652
37643
37611
37595
37550
37548
37547
37533
37527
37505
37470
37465
37454
37449
37447
37405
37404
37364
37332
37306
37304
37216
37196
37185
37179
37157
37140
37068
37059
37058
37057
37031
36995
36956
36937
36888
36881
36838
36816
36807
36773
36754
36719
36705
36700
36673
36671
36666
36665
36661
36654
36644
36559
36538
36527
36509
36487
36485
36478
36461
36451
36427
36406
36405
36402
36381
36369
36354
36312
36308
36286
36268
36259
36257
36254
36250
36189
36187
36179
36152
36151
36143
36130
36118
36105
36026
35993
35935
35909
35874
35865
35864
35852
35841
35830
35800
35773
35748
35747
35746
35724
35723
35719
35704
35699
35693
35690
35682
35669
35621
35598
35592
35567
35560
35545
35533
35532
35520
35518
35513
35504
35476
35463
35459
35456
35419
35371
35350
35317
35232
35223
35220
35192
35174
35098
35057
35039
35035
35032
34954
34945
34941
34925
34843
34815
34786
34754
34671
34643
34637
34635
34617
34610
34560
34531
34509
34485
34411
34390
34380
34238
34235
34202
34171
34111
34047
33980
33947
33875
33870
33856
33848
33832
33828
33725
33615
33542
33452
33414
33367
33364
33345
33324
33313
33150
33149
33135
33072
33065
32977
32968
32965
32957
32949
32922
32850
32788
32771
32754
32733
32701
32691
32664
32661
32625
32595
32542
32534
32531
32519
32460
32451
32444
32396
32391
32351
32283
32259
32243
32238
32211
32205
32201
32189
32176
32175
32120
32098
32087
32034
31977
31951
31898
31804
31799
31796
31775
31769
31741
31583
31352
31334
31312
31299
31295
31282
31271
31243
31230
31228
31214
31205
31204
31194
31186
31175
31170
31160
31153
31150
31147
31141
31140
31091
31052
31029
31021
31012
31002
31000
30999
30996
30992
30991
30977
30969
30958
30935
30933
30867
30840
30833
30826
30770
30767
30719
30718
30709
30701
30683
30650
30648
30613
30582
30576
30568
30533
30532
30506
30505
30407
30397
30361
30349
30344
30343
30330
30289
30288
30188
30184
30177
30144
30108
30107
30099
30096
30082
30016
30010
30007
30002
29931
29855
29824
29807
29799
29794
29789
29769
29767
29753
29737
29722
29721
29720
29693
29686
29682
29639
29604
29551
29540
29474
29462
29433
29421
29396
29394
29383
29367
29357
29337
29328
29302
29280
29275
29273
29265
29251
29249
29244
29106
29102
29094
29088
29087
29037
29019
29004
28999
28974
28955
28940
28832
28830
28806
28784
28761
28760
28759
28722
28686
28663
28644
28612
28595
28583
28568
28543
28519
28502
28437
28432
28373
28352
28347
28314
28267
28262
28240
28235
28218
28212
28196
28195
28188
28180
28139
28131
28116
27968
27954
27924
27913
27884
27878
27863
27851
27834
27708
27560
27536
27528
27514
27502
27501
27438
27423
27414
27402
27348
27314
27309
27274
27267
27214
27210
27177
27143
27107
27098
27060
27038
27037
26991
26984
26974
26898
26816
26723
26678
26613
26610
26601
26586
26580
26576
26554
26506
26502
26501
26476
26460
26455
26440
26434
26314
26293
26266
26249
26233
26197
26174
26091
26078
26063
26004
26001
25996
25938
25929
25924
25910
25900
25899
25875
25866
25865
25803
25766
25745
25700
25668
25658
25644
25624
25590
25586
25574
25567
25564
25544
25536
25523
25519
25454
25441
25440
25427
25399
25367
25344
25332
25314
25169
25156
25152
25121
25089
25065
25058
25027
25023
25001
24999
24971
24969
24928
24919
24907
24906
24851
24795
24790
24750
24746
24738
24681
24673
24549
24517
24497
24428
24409
24397
24341
24280
24232
24220
24180
24167
24155
24142
24088
24075
24067
24049
24035
24019
24013
23988
23958
23955
23952
23940
23910
23906
23857
23823
23779
23769
23745
23737
23714
23697
23682
23670
23669
23635
23623
23595
23562
23521
23510
23506
23491
23486
23485
23413
23407
23328
23304
23302
23288
23224
23189
23180
23131
23122
23098
23091
23065
23000
22982
22977
22938
22898
22897
22875
22841
22824
22710
22707
22704
22698
22688
22634
22589
22587
22576
22549
22544
22540
22531
22529
22513
22511
22509
22471
22455
22449
22440
22437
22381
22375
22373
22336
22333
22314
22273
22229
22208
22171
22115
22113
22098
22081
22062
22011
22010
21986
21961
21950
21947
21946
21930
21925
21923
21896
21895
21831
21786
21771
21687
21675
21663
21657
21644
21632
21624
21617
21613
21606
21570
21548
21543
21491
21442
21406
21404
21313
21215
21210
21206
21198
21166
21040
21033
21000
20999
20996
20991
20989
20972
20954
20892
20877
20833
20818
20804
20744
20722
20677
20633
20626
20597
20580
20529
20472
20456
20452
20434
20431
20373
20291
20289
20271
20246
20221
20130
20068
20048
20016
20004
19982
19981
19980
19974
19949
19948
19924
19920
19908
19899
19898
19883
19875
19850
19845
19840
19801
19794
19792
19782
19775
19774
19770
19769
19764
19744
19739
19738
19729
19727
19717
19716
19714
19712
19711
19698
19697
19693
19691
19686
19685
19674
19662
19660
19655
19647
19645
19631
19628
19626
19616
19611
19610
19607
19596
19585
19571
19568
19541
19524
19517
19493
19477
19475
19471
19456
19451
19440
19418
19415
19404
19378
19347
19258
19253
19241
19178
19177
19061
19022
19018
19002
18975
18969
18923
18887
18837
18836
18835
18826
18811
18810
18718
18697
18692
18663
18577
18565
18561
18558
18557
18555
18554
18553
18552
18541
18504
18490
18487
18484
18466
18464
18456
18446
18437
18424
18398
18387
18377
18367
18363
18353
18334
18329
18318
18314
18312
18309
18305
18299
18298
18297
18289
18280
18272
18266
18262
18258
18246
18237
18229
18204
18200
18192
18190
18189
18168
18126
18119
18096
18046
18032
18021
18001
17991
17977
17972
17970
17960
17942
17932
17922
17914
17912
17907
17882
17881
17870
17868
17843
17839
17821
17814
17790
17783
17776
17751
17708
17693
17686
17664
17656
17650
17646
17643
17618
17612
17609
17606
17599
17587
17585
17580
17572
17560
17551
17549
17548
17533
17531
17530
17529
17526
17525
17523
17516
17514
17511
17510
17507
17503
17499
17490
17486
17476
17472
17470
17465
17464
17455
17454
17443
17442
17439
17438
17437
17434
17423
17412
17411
17358
17344
17341
17230
17229
17223
17140
17139
17129
17122
17121
17120
17117
17116
17111
17109
17101
17097
17090
17087
17086
17081
17080
17079
17073
17062
17059
17058
17053
17039
17035
17028
17013
17011
17007
16999
16997
16989
16986
16985
16983
16944
16925
16906
16903
16891
16886
16878
16871
16853
16851
16843
16835
16832
16798
16796
16783
16776
16762
16741
16724
16723
16714
16708
16695
16690
16688
16686
16683
16681
16668
16665
16659
16629
16611
16610
16609
16605
16590
16589
16587
16569
16546
16539
16534
16521
16518
16517
16511
16510
16509
16507
16505
16499
16496
16493
16467
16465
16444
16443
16441
16440
16434
16427
16415
16404
16386
16383
16365
16364
16363
16362
16361
16358
16348
16341
16337
16330
16323
16315
16286
16278
16261
16255
16248
16235
16228
16227
16204
16203
16190
16187
16184
16178
16175
16168
16164
16156
16139
16130
16124
16108
16100
16081
16080
16077
16076
16063
16049
16023
16018
16009
15994
15986
15979
15971
15960
15932
15914
15898
15879
15876
15873
15871
15869
15840
15839
15836
15834
15809
15807
15801
15794
15791
15776
15770
15768
15765
15764
15733
15708
15704
15699
15697
15692
15665
15658
15655
15654
15652
15650
15647
15635
15634
15631
15609
15578
15544
15515
15514
15488
15487
15483
15480
15427
15423
15407
15401
15387
15356
15348
15343
15340
15324
15299
15297
15296
15294
15287
15275
15252
15248
15238
15225
15222
15219
15196
15191
15162
15153
15142
15129
15121
15113
15069
15038
15014
15007
15006
15005
14997
14983
14974
14952
14946
14942
14940
14929
14920
14913
14897
14894
14892
14871
14869
14857
14840
14821
14819
14817
14799
14774
14762
14754
14752
14745
14718
14717
14714
14684
14680
14675
14670
14667
14650
14648
14646
14642
14635
14634
14623
14591
14586
14569
14565
14564
14559
14556
14549
14538
14536
14521
14508
14503
14500
14496
14489
14483
14479
14469
14467
14461
14458
14455
14454
14447
14434
14432
14426
14423
14421
14416
14407
14382
14367
14363
14346
14343
14338
14335
14303
14289
14285
14280
14276
14272
14268
14251
14232
14229
14213
14186
14184
14169
14156
14152
14147
14123
14097
14081
14068
14061
14055
14052
14048
14047
14035
14027
14023
14013
14009
14007
13999
13980
13970
13947
13945
13942
13941
13906
13905
13901
13875
13847
13833
13822
13820
13810
13790
13787
13767
13766
13755
13750
13747
13707
13704
13703
13698
13686
13685
13681
13680
13663
13658
13648
13645
13626
13620
13609
13594
13593
13586
13577
13572
13548
13542
13531
13526
13516
13503
13502
13498
13494
13491
13462
13460
13456
13455
13436
13418
13392
13373
13366
13364
13358
13336
13318
13316
13312
13302
13296
13292
13288
13256
13255
13234
13227
13223
13214
13205
13181
13178
13162
13158
13155
13146
13140
13139
13138
13134
13109
13102
13092
13084
13079
13074
13071
13051
13042
13041
13024
12999
12997
12992
12984
12981
12969
12968
12965
12963
12956
12060
11877
11869
11853
11852
11830
11808
11802
11768
11761
11745
11722
11707
11691
11687
11643
11525
11490
11469
11363
11247
11238
11226
11218
11217
11194
11181
11173
11148
11145
11129
11085
11081
11076
11067
11065
11063
11053
11039
11028
11025
11004
10993
10983
10963
10956
10948
10939
10929
10905
10883
10880
10870
10869
10863
10828
10823
10815
10793
10780
10759
10752
10742
10740
10722
10721
10712
10711
10707
10698
10690
10684
10674
10670
10666
10645
10641
10639
10635
10628
10620
10608
10606
10604
10598
10592
10590
10582
10580
10579
10571
10570
10549
10547
10538
10529
10525
10521
10518
10509
10504
10501
10494
10489
10474
10471
10467
10465
10446
10414
10412
10410
10409
10391
10358
10356
10332
10324
10323
10307
10306
10301
10299
10293
10292
10290
10288
10286
10254
10249
10232
10225
10224
10222
10216
10215
10205
10204
10194
10191
10184
10182
10170
10164
10158
10148
10147
10141
10133
10130
10128
10121
10118
10117
10116
10111
10105
10102
10100
10091
10083
10081
10078
10075
10073
10065
10050
10044
10038
10033
10031
10030
10028
10020
10019
10017
10012
10010
10009
10006
10004
8755
8733
8686
8679
8678
8671
8665
8663
8647
8622
8603
8580
8564
8531
8530
8528
8520
8503
8500
8494
8478
8469
8436
8435
8408
8397
8392
8384
8365
8362
8361
8353
8348
8342
8327
8326
8303
8301
8300
8297
8295
8292
8290
8278
8258
8246
8219
8217
8216
8210
8209
8206
8187
8180
8174
8166
8158
8143
8127
8112
8099
8097
8096
8083
8076
8073
8068
8060
8059
8052
8041
8040
8039
8032
8026
8010
8007
8000
7999
7998
7996
7995
7981
7975
7973
7966
7963
7962
7961
7957
7952
7943
7929
7927
7918
7908
7907
7897
7894
7887
7884
7876
7874
7870
7868
7862
7852
7839
7834
7832
7830
7829
7822
7820
7784
7776
7769
7756
7754
7739
7730
7727
7717
7716
7711
7702
7700
7699
7696
7691
7685
7684
7682
7671
7668
7667
7665
7661
7659
7656
7655
7654
7652
7645
7638
7637
7635
7629
7621
7619
7617
7616
7613
7612
7611
7600
7597
7583
7580
7575
7570
7569
7568
7560
7556
7555
7554
7551
7548
7541
7539
7537
7536
7534
7532
7531
7529
7514
7512
7506
7502
7488
7477
7474
7471
7463
7462
7461
7456
7452
7449
7447
7446
7442
7438
7431
7425
7424
7423
7420
7410
7404
7401
7400
7399
7394
7389
7388
7383
7382
7377
7372
7369
7368
7365
7361
7360
7346
7344
7342
7341
7325
7324
7323
7315
7313
7302
7301
7299
7297
7296
7295
7291
7289
7279
7278
7265
7246
7242
7238
7210
7206
7192
7191
7184
7183
7178
7174
7173
7172
7169
7154
7130
7129
7123
7119
7118
7117
7111
7110
7109
7107
7103
7101
7094
7093
7089
7072
7070
7059
7058
7046
7037
7033
7031
7025
7017
7011
7001
6999
6998
6967
6966
6964
6963
6958
6956
6950
6940
6939
6929
6928
6918
6917
6914
6908
6907
6905
6897
6894
6888
6871
6864
6863
6862
6857
6848
6839
6833
6828
6820
6815
6802
6796
6793
6790
6789
6784
6775
6774
6769
6757
6751
6750
6731
6722
6699
6695
6694
6681
6670
6663
6655
6652
6647
6635
6634
6631
6627
6625
6621
6609
6604
6580
6579
6578
6577
6567
6566
6555
6554
6540
6532
6518
6517
6516
6514
6491
6490
6482
6466
6463
6458
6439
6413
6405
6403
6400
6390
6380
6376
6369
6368
6363
6362
6361
6359
6346
6336
6321
6320
6312
6284
6282
6271
6255
6247
6237
6220
6218
6184
6183
6163
6161
6158
6124
6112
6082
6037
6010
6004
5996
5979
5967
5958
5953
5927
5881
5867
5859
5845
5774
5764
5717
5698
5685
5680
5670
5633
5632
5623
5611
5606
5496
5494
5493
5478
5475
5435
5431
5407
5397
5393
5376
5374
5361
5359
5355
5346
5322
5309
5300
5285
5269
5252
5250
5249
5209
5181
5178
5167
5159
5155
5148
5126
5120
5096
5081
5066
5050
5036
5026
5009
5003
4904
4882
4806
4683
4453
4452
4386
4374
4366
4357
4341
4316
4314
4297
4257
4242
4241
4234
4205
4184
4182
4173
4161
4149
4138
4125
4100
4095
4090
4082
4039
4038
4037
4035
4031
4001
3998
3994
3989
3978
3968
3963
3960
3949
3911
3875
3870
3866
3829
3777
3767
3755
3722
3711
3664
3656
3641
3618
3600
3593
3538
3536
3524
3518
3516
3515
3514
3505
3501
3496
3487
3479
3476
3466
3462
3461
3452
3441
3437
3420
3403
3394
3375
3373
3358
3355
3336
3329
3309
3305
3255
3254
3248
3235
3227
3215
3206
3199
3198
3176
3155
3148
3144
3140
3126
3117
3110
3094
3063
3062
3050
3046
3036
3023
3001
2999
2997
2993
2960
2959
2950
2936
2928
2912
2910
2908
2907
2903
2882
2881
2873
2864
2827
2826
2811
2809
2797
2780
2764
2762
2748
2739
2735
2733
2692
2682
2655
2640
2625
2617
2598
2580
2543
2535
2528
2525
2498
2493
2485
2478
2474
2446
2440
2417
2404
2398
2393
2390
2378
2347
2331
2330
2318
2288
2274
2269
2258
2240
2236
2235
2232
2227
2225
2191
2186
2185
2129
2126
2107
2106
2104
2078
2072
2061
2048
2029
2016
2002
2001
1993
1991
1933
1909
1906
1904
1866
1845
1844
1834
1794
1785
1781
1763
1743
1711
1703
1697
1690
1682
1668
1665
1650
1630
1628
1612
1588
1587
1582
1576
1570
1564
1562
1553
1541
1526
1489
1483
1481
1464
1462
1459
1449
1437
1432
1398
1378
1342
1331
1330
1329
1326
1319
1315
1287
1280
1254
1252
1249
1248
1232
1231
1187
1175
1149
1144
1140
1137
1135
1130
1128
1112
1101
1096
1075
1052
1047
1043
1037
1036
1027
1023
1020
999
963
958
953
940
935
914
913
911
909
908
900
894
889
883
880
877
875
870
868
867
866
861
859
854
848
840
839
837
833
829
824
823
821
816
801
798
797
795
793
791
783
777
766
759
755
754
743
740
739
728
727
725
724
723
716
713
712
711
705
699
694
693
690
689
686
680
677
675
672
665
659
653
647
641
640
630
629
628
627
624
619
615
614
613
612
611
599
595
594
584
583
572
566
556
555
547
539
530
525
524
519
514
505
504
501
490
488
487
481
479
477
475
473
472
469
468
466
464
463
462
453
431
425
422
421
416
414
412
409
406
396
386
375
372
362
361
345
344
334
332
330
329
327
325
321
319
317
316
315
311
306
305
298
289
285
279
268
266
265
260
250
249
243
235
231
228
223
205
199
198
193
173
169
167
164
161
146
145
142
140
134
132
120
116
114
101
100
93
87
86
79
76
72
70
67
66
65
62
61
60
59
54
53
49
48
43
38
37
26
25
21
20
10
9
4
3
2
