2
3
4
9
10
20
21
25
26
37
38
43
48
49
53
54
59
60
61
62
65
66
67
70
72
76
79
86
87
93
100
101
114
116
120
132
134
140
142
145
146
161
164
167
169
173
193
198
199
205
223
228
231
235
243
249
250
260
265
266
268
279
285
289
298
305
306
311
315
316
317
319
321
325
327
329
330
332
334
344
345
361
362
372
375
386
396
406
409
412
414
416
421
422
425
431
453
462
463
464
466
468
469
472
473
475
477
479
481
487
488
490
501
504
505
514
519
524
525
530
539
547
555
556
566
572
583
584
594
595
599
611
612
613
614
615
619
624
627
628
629
630
640
641
647
653
659
665
672
675
677
680
686
689
690
693
694
699
705
711
712
713
716
723
724
725
727
728
739
740
743
754
755
759
766
777
783
791
793
795
797
798
801
816
821
823
824
829
833
837
839
840
848
854
859
861
866
867
868
870
875
877
880
883
889
894
900
908
909
911
913
914
935
940
953
958
963
999
1020
1023
1027
1036
1037
1043
1047
1052
1075
1096
1101
1112
1128
1130
1135
1137
1140
1144
1149
1175
1187
1231
1232
1248
1249
1252
1254
1280
1287
1315
1319
1326
1329
1330
1331
1342
1378
1398
1432
1437
1449
1459
1462
1464
1481
1483
1489
1526
1541
1553
1562
1564
1570
1576
1582
1587
1588
1612
1628
1630
1650
1665
1668
1682
1690
1697
1703
1711
1743
1763
1781
1785
1794
1834
1844
1845
1866
1904
1906
1909
1933
1991
1993
2001
2002
2016
2029
2048
2061
2072
2078
2104
2106
2107
2126
2129
2185
2186
2191
2225
2227
2232
2235
2236
2240
2258
2269
2274
2288
2318
2330
2331
2347
2378
2390
2393
2398
2404
2417
2440
2446
2474
2478
2485
2493
2498
2525
2528
2535
2543
2580
2598
2617
2625
2640
2655
2682
2692
2733
2735
2739
2748
2762
2764
2780
2797
2809
2811
2826
2827
2864
2873
2881
2882
2903
2907
2908
2910
2912
2928
2936
2950
2959
2960
2993
2997
2999
3001
3023
3036
3046
3050
3062
3063
3094
3110
3117
3126
3140
3144
3148
3155
3176
3198
3199
3206
3215
3227
3235
3248
3254
3255
3305
3309
3329
3336
3355
3358
3373
3375
3394
3403
3420
3437
3441
3452
3461
3462
3466
3476
3479
3487
3496
3501
3505
3514
3515
3516
3518
3524
3536
3538
3593
3600
3618
3641
3656
3664
3711
3722
3755
3767
3777
3829
3866
3870
3875
3911
3949
3960
3963
3968
3978
3989
3994
3998
4001
4031
4035
4037
4038
4039
4082
4090
4095
4100
4125
4138
4149
4161
4173
4182
4184
4205
4234
4241
4242
4257
4297
4314
4316
4341
4357
4366
4374
4386
4452
4453
4683
4806
4882
4904
5003
5009
5026
5036
5050
5066
5081
5096
5120
5126
5148
5155
5159
5167
5178
5181
5209
5249
5250
5252
5269
5285
5300
5309
5322
5346
5355
5359
5361
5374
5376
5393
5397
5407
5431
5435
5475
5478
5493
5494
5496
5606
5611
5623
5632
5633
5670
5680
5685
5698
5717
5764
5774
5845
5859
5867
5881
5927
5953
5958
5967
5979
5996
6004
6010
6037
6082
6112
6124
6158
6161
6163
6183
6184
6218
6220
6237
6247
6255
6271
6282
6284
6312
6320
6321
6336
6346
6359
6361
6362
6363
6368
6369
6376
6380
6390
6400
6403
6405
6413
6439
6458
6463
6466
6482
6490
6491
6514
6516
6517
6518
6532
6540
6554
6555
6566
6567
6577
6578
6579
6580
6604
6609
6621
6625
6627
6631
6634
6635
6647
6652
6655
6663
6670
6681
6694
6695
6699
6722
6731
6750
6751
6757
6769
6774
6775
6784
6789
6790
6793
6796
6802
6815
6820
6828
6833
6839
6848
6857
6862
6863
6864
6871
6888
6894
6897
6905
6907
6908
6914
6917
6918
6928
6929
6939
6940
6950
6956
6958
6963
6964
6966
6967
6998
6999
7001
7011
7017
7025
7031
7033
7037
7046
7058
7059
7070
7072
7089
7093
7094
7101
7103
7107
7109
7110
7111
7117
7118
7119
7123
7129
7130
7154
7169
7172
7173
7174
7178
7183
7184
7191
7192
7206
7210
7238
7242
7246
7265
7278
7279
7289
7291
7295
7296
7297
7299
7301
7302
7313
7315
7323
7324
7325
7341
7342
7344
7346
7360
7361
7365
7368
7369
7372
7377
7382
7383
7388
7389
7394
7399
7400
7401
7404
7410
7420
7423
7424
7425
7431
7438
7442
7446
7447
7449
7452
7456
7461
7462
7463
7471
7474
7477
7488
7502
7506
7512
7514
7529
7531
7532
7534
7536
7537
7539
7541
7548
7551
7554
7555
7556
7560
7568
7569
7570
7575
7580
7583
7597
7600
7611
7612
7613
7616
7617
7619
7621
7629
7635
7637
7638
7645
7652
7654
7655
7656
7659
7661
7665
7667
7668
7671
7682
7684
7685
7691
7696
7699
7700
7702
7711
7716
7717
7727
7730
7739
7754
7756
7769
7776
7784
7820
7822
7829
7830
7832
7834
7839
7852
7862
7868
7870
7874
7876
7884
7887
7894
7897
7907
7908
7918
7927
7929
7943
7952
7957
7961
7962
7963
7966
7973
7975
7981
7995
7996
7998
7999
8000
8007
8010
8026
8032
8039
8040
8041
8052
8059
8060
8068
8073
8076
8083
8096
8097
8099
8112
8127
8143
8158
8166
8174
8180
8187
8206
8209
8210
8216
8217
8219
8246
8258
8278
8290
8292
8295
8297
8300
8301
8303
8326
8327
8342
8348
8353
8361
8362
8365
8384
8392
8397
8408
8435
8436
8469
8478
8494
8500
8503
8520
8528
8530
8531
8564
8580
8603
8622
8647
8663
8665
8671
8678
8679
8686
8733
8755
10004
10006
10009
10010
10012
10017
10019
10020
10028
10030
10031
10033
10038
10044
10050
10065
10073
10075
10078
10081
10083
10091
10100
10102
10105
10111
10116
10117
10118
10121
10128
10130
10133
10141
10147
10148
10158
10164
10170
10182
10184
10191
10194
10204
10205
10215
10216
10222
10224
10225
10232
10249
10254
10286
10288
10290
10292
10293
10299
10301
10306
10307
10323
10324
10332
10356
10358
10391
10409
10410
10412
10414
10446
10465
10467
10471
10474
10489
10494
10501
10504
10509
10518
10521
10525
10529
10538
10547
10549
10570
10571
10579
10580
10582
10590
10592
10598
10604
10606
10608
10620
10628
10635
10639
10641
10645
10666
10670
10674
10684
10690
10698
10707
10711
10712
10721
10722
10740
10742
10752
10759
10780
10793
10815
10823
10828
10863
10869
10870
10880
10883
10905
10929
10939
10948
10956
10963
10983
10993
11004
11025
11028
11039
11053
11063
11065
11067
11076
11081
11085
11129
11145
11148
11173
11181
11194
11217
11218
11226
11238
11247
11363
11469
11490
11525
11643
11687
11691
11707
11722
11745
11761
11768
11802
11808
11830
11852
11853
11869
11877
12060
12956
12963
12965
12968
12969
12981
12984
12992
12997
12999
13024
13041
13042
13051
13071
13074
13079
13084
13092
13102
13109
13134
13138
13139
13140
13146
13155
13158
13162
13178
13181
13205
13214
13223
13227
13234
13255
13256
13288
13292
13296
13302
13312
13316
13318
13336
13358
13364
13366
13373
13392
13418
13436
13455
13456
13460
13462
13491
13494
13498
13502
13503
13516
13526
13531
13542
13548
13572
13577
13586
13593
13594
13609
13620
13626
13645
13648
13658
13663
13680
13681
13685
13686
13698
13703
13704
13707
13747
13750
13755
13766
13767
13787
13790
13810
13820
13822
13833
13847
13875
13901
13905
13906
13941
13942
13945
13947
13970
13980
13999
14007
14009
14013
14023
14027
14035
14047
14048
14052
14055
14061
14068
14081
14097
14123
14147
14152
14156
14169
14184
14186
14213
14229
14232
14251
14268
14272
14276
14280
14285
14289
14303
14335
14338
14343
14346
14363
14367
14382
14407
14416
14421
14423
14426
14432
14434
14447
14454
14455
14458
14461
14467
14469
14479
14483
14489
14496
14500
14503
14508
14521
14536
14538
14549
14556
14559
14564
14565
14569
14586
14591
14623
14634
14635
14642
14646
14648
14650
14667
14670
14675
14680
14684
14714
14717
14718
14745
14752
14754
14762
14774
14799
14817
14819
14821
14840
14857
14869
14871
14892
14894
14897
14913
14920
14929
14940
14942
14946
14952
14974
14983
14997
15005
15006
15007
15014
15038
15069
15113
15121
15129
15142
15153
15162
15191
15196
15219
15222
15225
15238
15248
15252
15275
15287
15294
15296
15297
15299
15324
15340
15343
15348
15356
15387
15401
15407
15423
15427
15480
15483
15487
15488
15514
15515
15544
15578
15609
15631
15634
15635
15647
15650
15652
15654
15655
15658
15665
15692
15697
15699
15704
15708
15733
15764
15765
15768
15770
15776
15791
15794
15801
15807
15809
15834
15836
15839
15840
15869
15871
15873
15876
15879
15898
15914
15932
15960
15971
15979
15986
15994
16009
16018
16023
16049
16063
16076
16077
16080
16081
16100
16108
16124
16130
16139
16156
16164
16168
16175
16178
16184
16187
16190
16203
16204
16227
16228
16235
16248
16255
16261
16278
16286
16315
16323
16330
16337
16341
16348
16358
16361
16362
16363
16364
16365
16383
16386
16404
16415
16427
16434
16440
16441
16443
16444
16465
16467
16493
16496
16499
16505
16507
16509
16510
16511
16517
16518
16521
16534
16539
16546
16569
16587
16589
16590
16605
16609
16610
16611
16629
16659
16665
16668
16681
16683
16686
16688
16690
16695
16708
16714
16723
16724
16741
16762
16776
16783
16796
16798
16832
16835
16843
16851
16853
16871
16878
16886
16891
16903
16906
16925
16944
16983
16985
16986
16989
16997
16999
17007
17011
17013
17028
17035
17039
17053
17058
17059
17062
17073
17079
17080
17081
17086
17087
17090
17097
17101
17109
17111
17116
17117
17120
17121
17122
17129
17139
17140
17223
17229
17230
17341
17344
17358
17411
17412
17423
17434
17437
17438
17439
17442
17443
17454
17455
17464
17465
17470
17472
17476
17486
17490
17499
17503
17507
17510
17511
17514
17516
17523
17525
17526
17529
17530
17531
17533
17548
17549
17551
17560
17572
17580
17585
17587
17599
17606
17609
17612
17618
17643
17646
17650
17656
17664
17686
17693
17708
17751
17776
17783
17790
17814
17821
17839
17843
17868
17870
17881
17882
17907
17912
17914
17922
17932
17942
17960
17970
17972
17977
17991
18001
18021
18032
18046
18096
18119
18126
18168
18189
18190
18192
18200
18204
18229
18237
18246
18258
18262
18266
18272
18280
18289
18297
18298
18299
18305
18309
18312
18314
18318
18329
18334
18353
18363
18367
18377
18387
18398
18424
18437
18446
18456
18464
18466
18484
18487
18490
18504
18541
18552
18553
18554
18555
18557
18558
18561
18565
18577
18663
18692
18697
18718
18810
18811
18826
18835
18836
18837
18887
18923
18969
18975
19002
19018
19022
19061
19177
19178
19241
19253
19258
19347
19378
19404
19415
19418
19440
19451
19456
19471
19475
19477
19493
19517
19524
19541
19568
19571
19585
19596
19607
19610
19611
19616
19626
19628
19631
19645
19647
19655
19660
19662
19674
19685
19686
19691
19693
19697
19698
19711
19712
19714
19716
19717
19727
19729
19738
19739
19744
19764
19769
19770
19774
19775
19782
19792
19794
19801
19840
19845
19850
19875
19883
19898
19899
19908
19920
19924
19948
19949
19974
19980
19981
19982
20004
20016
20048
20068
20130
20221
20246
20271
20289
20291
20373
20431
20434
20452
20456
20472
20529
20580
20597
20626
20633
20677
20722
20744
20804
20818
20833
20877
20892
20954
20972
20989
20991
20996
20999
21000
21033
21040
21166
21198
21206
21210
21215
21313
21404
21406
21442
21491
21543
21548
21570
21606
21613
21617
21624
21632
21644
21657
21663
21675
21687
21771
21786
21831
21895
21896
21923
21925
21930
21946
21947
21950
21961
21986
22010
22011
22062
22081
22098
22113
22115
22171
22208
22229
22273
22314
22333
22336
22373
22375
22381
22437
22440
22449
22455
22471
22509
22511
22513
22529
22531
22540
22544
22549
22576
22587
22589
22634
22688
22698
22704
22707
22710
22824
22841
22875
22897
22898
22938
22977
22982
23000
23065
23091
23098
23122
23131
23180
23189
23224
23288
23302
23304
23328
23407
23413
23485
23486
23491
23506
23510
23521
23562
23595
23623
23635
23669
23670
23682
23697
23714
23737
23745
23769
23779
23823
23857
23906
23910
23940
23952
23955
23958
23988
24013
24019
24035
24049
24067
24075
24088
24142
24155
24167
24180
24220
24232
24280
24341
24397
24409
24428
24497
24517
24549
24673
24681
24738
24746
24750
24790
24795
24851
24906
24907
24919
24928
24969
24971
24999
25001
25023
25027
25058
25065
25089
25121
25152
25156
25169
25314
25332
25344
25367
25399
25427
25440
25441
25454
25519
25523
25536
25544
25564
25567
25574
25586
25590
25624
25644
25658
25668
25700
25745
25766
25803
25865
25866
25875
25899
25900
25910
25924
25929
25938
25996
26001
26004
26063
26078
26091
26174
26197
26233
26249
26266
26293
26314
26434
26440
26455
26460
26476
26501
26502
26506
26554
26576
26580
26586
26601
26610
26613
26678
26723
26816
26898
26974
26984
26991
27037
27038
27060
27098
27107
27143
27177
27210
27214
27267
27274
27309
27314
27348
27402
27414
27423
27438
27501
27502
27514
27528
27536
27560
27708
27834
27851
27863
27878
27884
27913
27924
27954
27968
28116
28131
28139
28180
28188
28195
28196
28212
28218
28235
28240
28262
28267
28314
28347
28352
28373
28432
28437
28502
28519
28543
28568
28583
28595
28612
28644
28663
28686
28722
28759
28760
28761
28784
28806
28830
28832
28940
28955
28974
28999
29004
29019
29037
29087
29088
29094
29102
29106
29244
29249
29251
29265
29273
29275
29280
29302
29328
29337
29357
29367
29383
29394
29396
29421
29433
29462
29474
29540
29551
29604
29639
29682
29686
29693
29720
29721
29722
29737
29753
29767
29769
29789
29794
29799
29807
29824
29855
29931
30002
30007
30010
30016
30082
30096
30099
30107
30108
30144
30177
30184
30188
30288
30289
30330
30343
30344
30349
30361
30397
30407
30505
30506
30532
30533
30568
30576
30582
30613
30648
30650
30683
30701
30709
30718
30719
30767
30770
30826
30833
30840
30867
30933
30935
30958
30969
30977
30991
30992
30996
30999
31000
31002
31012
31021
31029
31052
31091
31140
31141
31147
31150
31153
31160
31170
31175
31186
31194
31204
31205
31214
31228
31230
31243
31271
31282
31295
31299
31312
31334
31352
31583
31741
31769
31775
31796
31799
31804
31898
31951
31977
32034
32087
32098
32120
32175
32176
32189
32201
32205
32211
32238
32243
32259
32283
32351
32391
32396
32444
32451
32460
32519
32531
32534
32542
32595
32625
32661
32664
32691
32701
32733
32754
32771
32788
32850
32922
32949
32957
32965
32968
32977
33065
33072
33135
33149
33150
33313
33324
33345
33364
33367
33414
33452
33542
33615
33725
33828
33832
33848
33856
33870
33875
33947
33980
34047
34111
34171
34202
34235
34238
34380
34390
34411
34485
34509
34531
34560
34610
34617
34635
34637
34643
34671
34754
34786
34815
34843
34925
34941
34945
34954
35032
35035
35039
35057
35098
35174
35192
35220
35223
35232
35317
35350
35371
35419
35456
35459
35463
35476
35504
35513
35518
35520
35532
35533
35545
35560
35567
35592
35598
35621
35669
35682
35690
35693
35699
35704
35719
35723
35724
35746
35747
35748
35773
35800
35830
35841
35852
35864
35865
35874
35909
35935
35993
36026
36105
36118
36130
36143
36151
36152
36179
36187
36189
36250
36254
36257
36259
36268
36286
36308
36312
36354
36369
36381
36402
36405
36406
36427
36451
36461
36478
36485
36487
36509
36527
36538
36559
36644
36654
36661
36665
36666
36671
36673
36700
36705
36719
36754
36773
36807
36816
36838
36881
36888
36937
36956
36995
37031
37057
37058
37059
37068
37140
37157
37179
37185
37196
37216
37304
37306
37332
37364
37404
37405
37447
37449
37454
37465
37470
37505
37527
37533
37547
37548
37550
37595
37611
37643
37652
37674
37693
37702
37704
37710
37711
37731
37739
37761
37792
37813
37819
37831
37853
37886
37891
37920
37921
37942
38004
38008
38028
38030
38035
38041
38057
38088
38095
38105
38108
38123
38182
38235
38244
38245
38293
38306
38316
38330
38339
38357
38367
38379
38380
38383
38418
38439
38535
38537
38538
38553
38559
38599
38642
38649
38697
38751
38755
38784
38785
38800
38813
38820
38839
38841
38880
38885
38912
38913
38923
38964
38988
39000
39011
39022
39056
39057
39062
39118
39163
39164
39221
39262
39267
39274
39282
39285
39289
39310
39344
39347
39410
39414
39431
39438
39439
39446
39455
39461
39468
39473
39506
39543
39550
39616
39623
39636
39653
39670
39673
39733
39781
39800
39805
39806
39832
39883
39914
39916
39923
39961
39985
39986
40002
40054
40055
40077
40118
40178
40201
40231
40258
40261
40302
40355
40375
40395
40397
40418
40585
40596
40620
40631
40633
40637
40638
40655
40657
40686
40687
40692
40700
40771
40799
40803
40805
40821
40875
40881
40898
40944
40949
40982
40992
41040
41063
41067
41123
41140
41164
41178
41180
41258
41262
41271
41282
41302
41304
41316
41332
41352
41353
41400
41409
41450
41453
41461
41462
41477
41499
41506
41527
41528
41533
41534
41554
41569
41571
41585
41608
41727
41782
41791
41813
41835
41837
41848
41896
41920
41924
41936
41940
41956
41957
42025
42046
42057
42060
42071
42096
42124
42132
42150
42159
42180
42187
42194
42239
42300
42307
42310
42351
42372
42404
42414
42420
42430
42467
42485
42505
42506
42607
42619
42629
42666
42677
42737
42738
42762
42763
42774
42794
42803
42822
42846
42854
42869
42887
42888
42911
42912
42941
42949
42953
42999
43000
43035
43036
43098
43100
43120
43125
43149
43161
43162
43173
43176
43177
43196
43198
43200
43201
43238
43244
43261
43272
43276
43285
43294
43295
43373
43413
43418
43427
43431
43442
43502
43522
43557
43559
43571
43593
43625
43629
43649
43675
43689
43695
43706
43710
43730
43741
43773
43793
43803
43814
43819
43833
43882
43896
43917
43932
43940
44018
44054
44057
44064
44079
44131
44181
44211
44244
44254
44257
44267
44308
44319
44323
44326
44337
44357
44377
44402
44430
44499
44523
44566
44598
44604
44630
44645
44664
44707
44709
44807
44831
44848
44856
44905
44914
44916
44948
44965
44971
45040
45053
45091
45097
45216
45309
45314
45348
45416
45500
45501
45503
45531
45545
45561
45598
45641
45642
45646
45675
45691
45716
45744
45818
45850
45899
45908
45915
45943
45961
45993
45995
46000
46001
46003
46035
46039
46047
46075
46088
46106
46112
46147
46153
46173
46201
46206
46213
46214
46217
46226
46227
46237
46247
46259
46300
46332
46337
46346
46347
46348
46350
46472
46473
46486
46504
46561
46588
46598
46600
46605
46609
46680
46682
46684
46709
46725
46727
46743
46765
46834
46835
46838
46850
46872
46895
46902
46908
46929
46947
46948
46959
47007
47041
47069
47079
47086
47107
47127
47157
47249
47261
47275
47293
47342
47351
47397
47440
47487
47502
47535
47536
47582
47583
47588
47639
47645
47661
47682
47683
47723
47770
47778
47780
47787
47837
47847
47873
47893
47900
47927
47955
48015
48021
48027
100020
100080
100100
100320
100340
100400
100420
100460
100480
100520
100540
100700
100720
100841
100900
101020
101080
101161
101180
101220
101420
101600
101640
101680
101740
101840
101880
102040
102100
102280
102360
102380
102500
102520
102800
102920
102960
103280
103320
103340
103360
103460
103520
103580
103701
103702
103705
103711
103714
103717
103722
103723
103727
103728
103730
103734
103735
103737
103739
103747
103759
103763
103767
103768
103772
103773
103776
103782
103789
103790
103792
103797
103799
103800
103806
103821
103846
103847
103848
103849
103850
103852
103857
103863
103866
103871
103899
103910
103913
103919
103927
103934
103935
103951
103956
103957
103958
103963
103965
103970
103971
103973
103981
103989
104002
104004
104012
104019
104020
104021
104022
104026
104027
104028
104030
104031
104035
104039
104042
104051
104052
104063
104065
104071
104076
104081
104100
104128
104133
104134
104135
104137
104153
104156
104158
104161
104162
104163
104168
104169
104175
104177
104184
104189
104193
104197
104200
104204
104209
104215
104226
104233
104234
104236
104237
104248
104249
104255
104261
104266
104281
104311
104312
104313
104316
104334
104343
104348
104355
104363
104368
104369
104373
104378
104379
104400
104412
104415
104417
104428
104433
104439
104445
104446
104448
104454
104455
104457
104458
104463
104474
104476
104483
104485
104487
104510
104512
104518
104525
104536
104540
104552
104553
104555
104556
104559
104580
104581
104587
104591
104593
104594
104595
104599
104601
104606
104610
104619
104626
104635
104643
104650
104671
104672
104688
104703
104719
104720
104727
104728
104761
104790
104859
104880
104926
104931
104948
104950
104951
104957
104961
104964
104966
104976
104982
104990
105010
105026
105061
105068
105074
105108
105125
105142
105146
105151
105182
105197
105209
105215
105243
105247
105279
105281
105283
105285
105289
105303
105308
105316
105325
105348
105360
105364
105375
105387
105390
105394
105404
105405
105413
105432
105440
105471
105477
105487
105491
105496
105519
105552
105559
105564
105570
105591
105617
105638
105644
105656
105662
105666
105670
105690
105721
105734
105736
105758
105766
105780
105782
105785
105790
105791
105794
105796
105797
105812
105816
105834
105837
105842
105843
105847
105913
105918
105950
105960
105970
105986
105992
105995
106005
106012
106015
106019
106032
106036
106067
106069
106075
106093
106108
106124
106135
106139
106155
106156
106161
106189
106213
106223
106237
106257
106266
106298
106302
106316
106327
106336
106342
106352
106357
106387
106396
106398
106415
106416
106435
106440
106464
106466
106473
106474
106482
106494
106498
106505
106516
106518
106522
106536
106546
106560
106562
106575
106578
106589
106594
106608
106619
106629
106638
106639
106657
106664
106667
106668
106684
106693
106710
106711
106713
106715
106720
106725
106743
106744
106750
106754
106766
106800
106805
106807
106814
106816
106838
106871
106907
106909
106918
106926
106945
106951
106975
106982
107007
107023
107027
107028
107038
107045
107049
107066
107068
107077
107105
107122
107123
107126
107144
107165
107217
107220
107247
107271
107300
107307
107311
107319
107333
107341
107342
107346
107401
107423
107427
107434
107517
107518
107563
107569
107574
107609
107622
107627
107645
107650
107653
107656
107657
107673
107690
107708
107717
107719
107726
107727
107733
107752
107757
107769
107773
107778
107781
107807
107818
107824
107832
107875
107876
107877
107878
107900
107907
107930
107935
107938
107941
107942
107943
107955
107964
107975
107982
108006
108017
108033
108046
108050
108057
108069
108084
108100
108113
108122
108146
108149
108156
108162
108163
108188
108203
108208
108219
108231
108236
108249
108257
108258
108263
108268
108326
108344
108345
108355
108383
108407
108424
108432
108443
108450
108475
108477
108486
108488
108497
108510
108517
108530
108531
108559
108574
108579
108581
108601
108604
108628
108648
108677
108681
108702
108711
108728
108731
108763
108769
108782
108783
108805
108806
108818
108827
108830
108832
108834
108850
108863
108879
108883
108897
108913
108923
108928
108941
108950
108958
108983
109001
109002
109011
109018
109022
109032
109036
109064
109071
109116
109122
109164
109175
109184
109193
109203
109211
109238
109240
109254
109264
109278
109303
109307
109327
109335
109349
109405
109424
109427
109446
109485
109487
109488
109492
109504
109516
109524
109552
109591
109602
109620
109621
109623
109644
109648
109654
109660
109664
109681
109682
109701
109729
109732
109771
109801
109802
109807
109819
109843
109847
109869
109886
109901
109903
109906
109910
109939
109966
109998
110035
110076
110080
110115
110156
110181
110186
110188
110198
110228
110237
110264
110269
110279
110283
110291
110297
110301
110319
110329
110337
110351
110353
110356
110364
110365
110377
110383
110391
110394
110397
110410
110412
110430
110454
110457
110469
110476
110496
110518
110522
110524
110552
110561
110567
110639
110645
110653
110665
110683
110692
110709
110715
110744
110746
110754
110757
110760
110767
110775
110776
110778
110783
110786
110825
110826
110838
110841
110869
110882
110897
110898
110908
110916
110921
110922
110929
110942
110949
110953
110955
110965
110975
110995
111000
111008
111027
111033
111046
111047
111052
111085
111087
111107
111133
111135
111142
111147
111164
111167
111171
111178
111186
111198
111221
111230
111264
111316
111320
111343
111392
111458
111468
111503
111514
111516
111521
111528
111554
111562
111616
111639
111645
111657
111662
111668
111672
111694
111704
111740
111743
111747
111753
111757
111778
111787
111807
111814
111838
111842
111852
111861
111870
111872
111889
111893
111894
111912
111967
111992
112003
112028
112058
112059
112083
112091
112097
112104
112110
112119
112139
112158
112159
112193
112202
112219
112266
112284
112294
112297
112308
112323
112338
112360
112399
112417
112475
112485
112494
112525
112544
112556
112562
112567
112584
112608
112628
112630
112667
112690
112694
112697
112702
112706
112708
112758
112787
112840
112884
112892
112894
112901
112938
112973
113031
113042
113055
113057
113074
113090
113106
113113
113147
113229
113242
113291
113299
113309
113312
113326
113334
113387
113390
113392
113400
113403
113412
113413
113443
113468
113500
113506
113525
113553
113581
113591
113621
113625
113642
113665
113688
113696
113704
113713
113719
113740
113788
113794
113795
113798
113802
113819
113826
113836
113887
113892
113893
113908
113912
113961
113983
113988
113999
114002
114011
114030
114038
114048
114050
114067
114126
114127
114142
114164
114181
114203
114212
114219
114242
114243
114245
114258
114273
114310
114338
114352
114384
114412
114471
114473
114474
114497
114532
114584
114666
114674
114679
114683
114701
114703
114774
114787
114801
114847
114885
114893
114894
114909
114950
114968
114993
115009
115025
115028
115078
115115
115127
115151
115153
115175
115211
115292
115294
115304
115312
115332
115333
115364
115368
115372
115440
115489
115547
115553
115624
115670
115687
115688
115700
115877
115892
115920
115927
115974
116012
116015
116021
116048
116057
116083
116140
116144
116150
116161
116214
116218
116238
116270
116280
116284
116286
116303
116324
116341
116344
116355
116360
116407
116464
116502
116513
116515
116530
116537
116558
116602
116605
116606
116656
116681
116682
116712
116757
116778
116797
116827
116978
117015
117028
117125
117139
117143
117176
117178
117181
117183
117198
117257
117284
117307
117327
117365
117415
117429
117449
117468
117531
117567
117589
117592
117606
117629
117666
117679
117751
117756
117783
117807
117845
117867
117901
117908
117957
117958
117965
117969
117977
118006
118025
118079
118148
118199
118232
118240
118261
118304
118309
118343
118381
118385
118440
118472
118488
118519
118533
118551
118581
118639
118642
118643
118662
118734
118786
118787
118794
118812
118813
118814
118818
118851
118913
119003
119012
119024
119030
119037
119049
119143
119154
119181
119193
119220
119241
119249
119266
119279
119290
119307
119312
119342
119377
119440
119441
119449
119488
119490
119507
119524
119539
119540
119546
119558
119564
119596
119598
119609
119625
119682
119730
119732
119759
119760
119772
119801
119832
119854
119880
119890
119910
119955
119992
119995
120014
120036
120040
120059
120063
120086
120110
120121
120123
120145
120148
120222
120232
120270
120283
120313
120336
120342
120381
120387
120395
120412
120417
120420
120441
120458
120514
120632
120699
120701
120708
120724
120736
120755
120767
120780
120827
120865
120874
120894
120898
120942
120950
120974
120982
120990
121003
121019
121043
121056
121060
121081
121097
121111
121134
121136
121152
121158
121171
121192
121213
121216
121221
121254
121258
121343
121392
121395
121439
121442
121445
121456
121465
121492
121537
121555
121561
121593
121617
121622
121629
121640
121659
121669
121699
121727
121731
121735
121767
121768
121781
121795
121863
121894
121942
121958
121978
121990
122004
122007
122020
122030
122035
122082
122122
122139
122142
122155
122245
122284
122301
122307
122341
122351
122436
122447
122452
122460
122463
122465
122468
122520
122529
122640
122677
122692
122696
122731
122758
122781
122782
122821
122866
122908
122925
122931
122956
122968
122986
123034
123047
123051
123084
123095
123111
123161
123177
123235
123244
123256
123283
123318
123370
123435
123455
123462
123483
123508
123520
123530
123605
123608
123649
123652
123667
123670
123672
123711
123718
123762
123769
123809
123814
123829
123842
123913
123947
123980
124027
124057
124064
124112
124129
124156
124180
124182
124205
124245
124272
124299
124349
124430
124446
124471
124496
124504
124512
124573
124583
124615
124658
124663
124674
124716
124718
124728
124736
124737
124849
124901
124966
125004
125055
125073
125112
125117
125191
125204
125249
125250
125333
125334
125393
125402
125437
125446
125472
125547
125557
125573
125574
125610
125624
125633
125648
125650
125691
125692
125697
125703
125791
125820
125836
125858
125860
125920
125953
125962
126021
126052
126064
126077
126079
126090
126098
126122
126124
126125
126129
126136
126159
126180
126182
126192
126208
126258
126259
126291
126292
126349
126407
126447
126508
126514
126529
126550
126588
126593
126601
126655
126767
126776
126777
126818
126880
126907
126935
126936
126983
126996
127038
127042
127081
127114
127132
127134
127136
127137
127145
127157
127198
127207
127211
127228
127236
127283
127302
127303
127313
127351
127355
127383
127473
127474
127485
127496
127549
127550
127589
127597
127635
127648
127650
127653
127654
127676
127679
127701
127716
127726
127733
127734
127784
127787
127813
127818
127823
127835
127836
127844
127847
127902
127921
127987
128040
128045
128082
128089
128103
128116
128127
128143
128144
128145
128180
128212
128219
128319
128335
128423
128502
128545
128563
128568
128586
128591
128595
128605
128640
128666
128677
128680
128713
128800
128801
128803
128835
128837
128851
128892
128904
128929
128959
128990
129035
129052
129103
129104
129119
129120
129165
129208
129236
129288
129320
129332
129371
129373
129376
129402
129431
129469
129498
129505
129559
129568
129601
129614
129615
129624
129656
129669
129679
129690
129772
129824
129841
129848
129883
129897
129902
129919
129973
130000
130007
130022
130029
130032
130105
130139
130142
130144
130154
130169
130224
130251
130390
130448
130489
130497
130507
130535
130559
130569
130577
130623
130645
130735
130740
130745
130754
130790
130814
130855
130888
130914
130951
130961
131000
131037
131063
131076
131091
131114
131117
131118
131121
131167
131207
131211
131217
131221
131224
131242
131270
131275
131279
131282
131295
131308
131320
131344
131377
131390
131392
131405
131406
131453
131510
131534
131535
131539
131563
131580
131607
131620
131631
131645
131668
131688
131700
131703
131704
131714
131720
131785
131802
131804
131814
131833
131834
131848
131849
131856
131895
131901
131953
131962
131986
131991
132002
132007
132016
132026
132038
132043
132048
132070
132078
132092
132099
132131
132136
132175
132185
132221
132226
132250
132263
132299
132315
132317
132330
132344
132390
132398
132402
132465
132486
132549
132558
132585
132602
132605
132643
132644
132678
132735
132763
132798
132834
132836
132847
132873
132882
132915
132918
132938
132939
132972
132982
132984
133019
133025
133068
133082
133084
133088
133097
133104
133142
133146
133152
133169
133171
133204
133240
133241
133253
133267
133270
133290
133326
133329
133356
133358
133366
133371
133376
133378
133387
133389
133403
133407
133417
133420
133443
133467
133476
133526
133535
133542
133551
133558
133591
133593
133599
133660
133668
133701
133705
133707
133715
133754
133760
133763
133777
133798
133803
133813
133822
133837
133839
133840
133855
133877
133890
133907
133908
133912
133941
133979
134008
134045
134057
134079
134086
134104
134117
134139
134155
134173
134249
134263
134300
134311
134340
134350
134357
134411
134429
134502
134509
134510
134544
134563
134581
134593
134596
134600
134602
134628
134631
134657
134699
134736
134742
134751
134765
134797
134873
134887
134901
134921
134922
134943
134952
134953
134958
134965
135003
135041
135071
135113
135167
135195
135243
135259
135272
135287
135288
135327
135379
135396
135398
135405
135413
135414
135419
135474
135548
135613
135618
135625
135632
135644
135656
135668
135671
135676
135680
135708
135723
135738
135835
135837
135862
135924
135981
136024
136102
136131
136138
136160
136161
136184
136212
136223
136237
136300
136352
136369
136390
136392
136401
136412
136420
136433
136532
136554
136571
136596
136597
136622
136630
136654
136667
136694
136830
136859
136865
136887
136914
136959
136962
136974
136996
137028
137040
137045
137068
137115
137147
137178
137192
137198
137206
137211
137220
137224
137269
137285
137297
137356
137380
137381
137387
137438
137461
137476
137478
137497
137559
137604
137608
137631
137658
137662
137743
137751
137757
137789
137795
137839
137881
137888
137906
137919
137930
137945
137988
137999
138033
138091
138121
138123
138132
138135
138162
138164
138348
138401
138459
138524
138547
138615
138618
138638
138756
138803
138887
138919
138938
138961
138970
139018
139059
139067
139098
139107
139121
139135
139162
139175
139176
139233
139273
139304
139321
139324
139335
139347
139366
139372
139475
139505
139511
139516
139534
139587
139595
139611
139627
139652
139656
139664
139693
139713
139749
139768
139790
139792
139818
139820
139828
139830
139864
139889
139895
139981
140014
140084
140096
140103
140108
140114
140116
140136
140147
140166
140190
140195
140203
140221
140292
140345
140356
140367
140377
140393
140456
140546
140551
140592
140599
140611
140614
140725
140762
140777
140808
140824
140828
140851
140910
140926
140944
140946
140977
140994
141018
141046
141077
141091
141173
141190
141195
141238
141250
141253
141254
141375
141391
141398
141413
141430
141468
141490
141516
141532
141554
141588
141630
141667
141684
141726
141775
141790
141849
141926
141943
141962
142008
142019
142080
142082
142095
142106
142137
142170
142174
142185
142230
142261
142271
142281
142289
142295
142322
142335
142367
142373
142374
142380
142414
142439
142457
142485
142498
142502
142518
142541
142554
142558
142596
142640
142666
142672
142712
142734
142768
142772
142785
142809
142852
142871
142903
142910
142927
142930
142941
142977
142982
142998
143008
143047
143110
143163
143189
143208
143209
143212
143240
143293
143299
143323
143342
143365
143381
143384
143403
143434
143440
143478
143483
143490
143521
143528
143529
143530
143567
143570
143642
143665
143719
143727
143730
143733
143734
143797
143800
143820
143830
143839
143848
143865
143868
143869
143884
143969
143998
144008
144016
144046
144048
144049
144051
144069
144076
144088
144091
144107
144131
144133
144134
144174
144177
144207
144209
144244
144247
144270
144278
144293
144295
144298
144337
144344
144377
144421
144426
144434
144444
144449
144464
144486
144497
144522
144594
144601
144609
144686
144798
144808
144825
144827
144830
144843
144853
144856
144867
144871
144874
144875
144884
144906
144957
144981
144982
145010
145021
145056
145064
145072
145090
145097
145120
145126
145129
145130
145182
145186
145231
145265
145323
145454
145458
145488
145507
145530
145540
145560
145579
145589
145594
145595
145651
145658
145687
145706
145711
145741
145750
145751
145767
145770
145772
145790
145798
145841
145860
145869
145876
145923
145932
145946
145956
145958
145980
145994
145997
146001
146029
146049
146051
146053
146054
146057
146087
146183
146193
146230
146235
146236
146239
146269
146322
146332
146337
146344
146362
146384
146395
146415
146478
146485
146509
146514
146537
146597
146599
146615
146616
146636
146667
146671
146711
146759
146776
146811
146838
146850
146856
146870
146871
146936
146971
146981
147048
147058
147061
147074
147081
147092
147102
147117
147129
147173
147181
147183
147200
147235
147257
147286
147298
147299
147309
147314
147316
147332
147363
147382
147420
147472
147509
147529
147534
147685
147691
147729
147746
147763
147779
147786
147794
147839
147912
147952
147991
148002
148084
148091
148100
148101
148107
148109
148117
148122
148144
148153
148156
148158
148245
148282
148292
148296
148299
148305
148361
148443
148447
148456
148459
148477
148485
148495
148551
148566
148574
148578
148591
148596
148616
148617
148674
148733
148771
148779
148780
148781
148810
148849
148858
148866
148873
148938
149003
149018
149021
149024
149109
149111
149122
149124
149126
149134
149152
149162
149178
149298
149313
149326
149329
149347
149418
149559
149564
149582
149596
149666
149675
149678
149679
149680
149687
149691
149693
149694
149709
149742
149758
149777
149794
149823
149826
149828
149830
149849
149862
149880
149891
149899
149921
149937
150022
150034
150040
150062
150065
150134
150139
150160
150161
150181
150232
150250
150251
150252
150272
150321
150364
150366
150370
150396
150419
150443
150450
150459
150491
150507
150529
150595
150599
150606
150631
150659
150662
150696
150697
150704
150715
150721
150726
150730
150734
150764
150791
150837
150842
150846
150847
150872
150904
150918
150939
150953
150959
150981
151032
151034
151090
151102
151125
151127
151139
151143
151152
151158
151168
151187
151193
151194
151216
151228
151233
151236
151298
151300
151317
151328
151352
151367
151381
151406
151436
151440
151446
151448
151462
151470
151514
151523
151531
151546
151559
151568
151592
151604
151615
151660
151664
151676
151700
151715
151717
151734
151736
151739
151829
151850
151909
151911
151916
152016
152044
152050
152072
152103
152104
152151
152170
152175
152237
152248
152277
152396
152401
152482
152508
152513
152514
152517
152525
152528
152550
152555
152569
152583
152607
152609
152620
152622
152632
152648
152649
152650
152665
152680
152773
152776
152786
152828
152912
152932
152974
152990
153032
153075
153094
153152
153175
153184
153192
153197
153247
153265
153278
153288
153292
153319
153322
153360
153369
153377
153388
153390
153397
153407
153454
153478
153502
153563
153576
153585
153607
153649
153668
153700
153715
153744
153755
153759
153777
153783
153786
153787
153799
153852
153855
153862
153867
153900
153902
153906
153914
153952
153979
153996
154003
154021
154026
154053
154106
154118
154134
154149
154198
154218
154237
154238
154248
154250
154255
154264
154279
154327
154331
154349
154353
154376
154377
154378
154393
154406
154411
154431
154461
154472
154481
154515
154559
154563
154577
154603
154604
154616
154632
154634
154647
154660
154680
154682
154690
154697
154702
154717
154725
154783
154801
154837
154881
154928
154949
154952
154957
154963
154996
155065
155071
155138
155142
155155
155172
155186
155193
155216
155237
155270
155330
155344
155349
155372
155377
155392
155406
155419
155472
155530
155539
155546
155576
155584
155623
155637
155643
155655
155733
155765
155786
155802
155820
155941
156005
156034
156066
156151
156170
156171
156214
156225
156263
156367
156378
156379
156393
156435
156450
156469
156480
156533
156549
156607
156622
156643
156753
156757
156789
156809
156973
156984
156985
157045
157067
157100
157139
157160
157219
157222
157227
157249
157299
157314
157423
157439
157443
157464
157602
157626
157659
157711
157714
157787
157792
157794
157805
157819
157835
157841
157874
157887
157913
157945
158001
158017
158052
158108
158220
158253
158292
158314
158375
158381
158382
158395
158399
158401
158422
158478
158482
158539
158571
158618
158667
158718
158729
158744
158795
158815
158816
158819
158821
158823
158839
158846
158847
158905
158910
158922
158940
158956
158970
158972
158999
159007
159035
159040
159042
159043
159076
159105
159157
159175
159198
159216
159221
159227
159237
159255
159289
159296
159301
159349
159357
159359
159376
159390
159417
159419
159427
159440
159475
159481
159526
159534
159563
159572
159644
159672
159688
159712
159715
159716
159736
159744
159791
159849
159882
159940
159952
159973
160044
160171
160208
160209
160214
160234
160267
160300
160321
160322
160381
160428
160481
160510
160536
160682
160715
160914
161014
161131
161150
161183
161310
161335
161389
161414
161426
161569
161593
161614
161622
161724
161781
161950
161981
162040
162041
162055
162143
162200
162208
162257
162292
162453
162462
162605
162699
162714
162843
162997
163084
163144
163362
163574
163768
163783
163835
164005
164009
164032
164081
164085
164109
164117
164153
164200
164205
164367
164443
164445
164466
164484
164486
164499
164515
164536
164663
164692
164706
164783
164805
164817
164825
164877
164925
164958
164963
164986
165007
165013
165025
165027
165031
165127
165174
165211
165225
165244
165246
165290
165351
165356
165387
165392
165436
165439
165504
165615
165681
165724
165730
165753
165761
165763
165775
165815
165828
165839
165855
165865
165868
165884
165926
165976
165984
165998
166003
166087
166089
166134
166181
166212
166219
166243
166258
166316
166318
166325
166349
166400
166401
166428
166467
166504
166536
166555
166566
166586
166601
166606
166748
166756
166769
166837
166862
166878
166881
166890
166982
167019
167072
167171
167214
167216
167228
167243
167294
167317
167343
167361
167464
167479
167533
167568
167583
167602
167610
167621
167641
167642
167643
167645
167646
167647
167650
167651
167652
167653
167654
167656
167657
167658
167660
167661
167704
167716
167811
167816
167830
167908
167958
167966
167980
168012
168040
168101
168116
168122
168187
168190
168203
168249
168252
168256
168266
168267
168299
168333
168384
168395
168404
168405
168435
168437
168444
168540
168557
168622
168638
168668
168709
168733
168744
168756
168794
168812
168829
168883
168946
168995
168998
169008
169045
169135
169140
169152
169231
169291
169307
169329
169349
169457
169533
169534
169538
169578
169584
169610
169617
169661
169662
169716
169718
169719
169798
169804
169813
169823
169838
169876
169885
169954
169963
169988
170008
170017
170037
170075
170092
170161
170171
170255
170301
170311
170327
170335
170365
170384
170395
170398
170456
170563
170576
170610
170640
170750
170773
170803
170805
170822
170840
170845
170847
170857
170858
170914
170937
170990
171058
171070
171143
171159
171237
171277
171302
171325
171350
171351
171401
171479
171481
171534
171570
171630
171720
171752
171780
171787
171886
171889
171898
171976
171988
171991
172000
172002
172011
172196
172256
172278
172294
172372
172389
172393
172399
172470
172502
172514
172520
172555
172563
172578
172595
172633
172661
172666
172684
172693
172738
172790
172832
172932
172980
173011
173054
173064
173070
173079
173194
173272
173341
173344
173347
173354
173396
173423
173453
173482
173524
173565
173648
173686
173696
173706
173715
173725
173734
173847
173851
173897
173916
173962
173995
174020
174030
174032
174070
174100
174102
174124
174129
174141
174167
174182
174309
174328
174411
174423
174433
174435
174636
174638
174708
174733
174758
174767
174843
174844
174847
175077
175083
175112
175127
175195
175233
175282
175288
175346
175348
175371
175403
175432
175476
175506
176520
176525
178524
179512
187514
187515
188522
188524
195512
207515
208512
208514
217514
220516
221515
221520
222525
226535
226578
226580
226606
226683
226708
226725
226728
226756
242791
246787
248786
249787
250787
268797
268823
269855
269866
269919
269922
269923
269927
269955
269991
272031
277027
277056
277073
277085
277138
281078
281102
281121
281213
281236
281242
281285
281302
281336
281337
281385
281410
281510
281539
281578
281593
281597
281604
281621
281626
281725
281739
281740
281779
281785
281793
281827
281831
281832
281861
281933
281958
281995
282023
282079
282100
282140
282202
282209
282236
282241
282329
282331
282332
282431
282448
282477
282486
282498
282519
282547
282557
282563
282580
282589
282605
282612
282626
282643
282710
282755
282835
282863
282872
282909
282918
282920
282960
282968
282981
282998
283004
283014
283015
283027
283028
283031
283040
283060
283078
283087
283112
283120
283148
283155
283165
283210
283250
283256
283263
283303
283304
283330
283342
283356
283362
283390
283405
283418
283430
283457
283458
283472
283511
283515
283545
283584
283653
283726
283794
283816
283824
283843
283850
283856
283891
283930
283942
283952
284031
284050
284079
284165
284187
284203
284298
284307
284486
284501
284506
284519
284590
284648
284656
284663
284714
284744
284758
284840
284914
284928
284952
284982
284987
285084
285106
285116
285128
285175
285213
285223
285252
285300
285310
285387
285405
285406
285468
285502
285507
285558
285580
285582
285630
285633
285668
285685
285722
285729
285731
285780
285852
285895
285907
285961
285967
285985
285987
286002
286005
286014
286024
286037
286071
286085
286129
286151
286153
286177
286243
286251
286322
286379
286494
286622
286669
286671
287502
287630
287754
287755
287758
287761
287845
287909
287916
287980
287986
288004
288101
288104
288156
288178
288199
288227
288239
288263
288271
288294
288383
288442
288462
288502
288557
288566
288572
288576
288590
288712
288714
288747
288780
288792
288810
288811
288817
288833
288863
288883
288886
288894
288898
288905
288933
289046
289090
289169
289193
289250
289290
289325
289343
289344
289429
289553
289604
289737
289863
289870
289919
289977
290043
290076
290114
290190
290216
290230
290233
290240
290244
290248
290298
290302
290306
290317
290327
290348
290388
290408
290488
290555
290564
290565
290605
290635
290909
290948
290963
291065
291297
291333
291356
291361
291387
291396
291417
291437
291546
291649
291663
291708
291709
291763
291773
291786
291858
291902
291904
291933
292246
292295
292402
292454
292521
292551
292661
292776
292783
292799
292845
292931
293019
293066
293138
293152
293194
293345
293368
293370
293414
293448
293551
293630
294016
294024
294197
294323
294417
294643
294926
295178
295542
295859
295879
296462
296764
296772
296788
296855
296964
297022
297028
297287
297324
297463
297470
297516
297563
297591
297596
297644
297665
297680
297681
297750
297797
297890
297976
298008
298044
298058
298072
298079
298105
298131
298136
298137
298234
298367
298422
298515
298608
298683
298769
298791
298838
298868
298893
299011
299039
299064
299176
299188
299201
299219
299280
299308
299318
299322
299335
299357
299381
299407
299408
299526
299540
299547
299549
299584
299589
299606
299608
299723
299740
299810
299827
299896
299959
299963
300003
300130
300139
300150
300155
300233
300248
300253
300262
300279
300280
300285
300351
300358
300401
300440
300460
300572
300596
300626
300634
300640
300679
300684
300751
300772
300856
300899
300908
300966
300977
301017
301273
301394
301629
301819
301898
301925
302037
302050
302082
302091
304163
304237
304272
304313
304317
304328
304360
304396
304405
304434
304472
304501
304532
304551
304563
304569
304588
304640
304792
304918
304994
305027
305063
305130
305135
305171
305174
305184
305189
305262
305319
305353
305418
305515
305585
305693
305706
305772
305818
305834
305852
305907
305908
305961
305963
305988
306011
306060
306097
306101
306113
306249
306282
306332
306341
306343
306354
306512
306559
306647
306661
306692
306903
306909
306951
306971
306985
307060
307109
307206
307238
307270
307447
307455
307472
307477
307492
307532
307590
307600
307657
307690
307758
307771
307781
307831
307857
307956
308066
308125
308203
308304
308456
308567
308575
309073
309087
309098
309195
309313
309314
309350
309360
309455
309519
309550
309558
309588
309668
309708
309709
309710
309720
309814
309841
309954
309955
309956
309974
310046
310101
310170
310173
310203
310282
310305
310345
310369
310410
310415
310427
310433
310446
310457
310460
310476
310529
310576
310578
310635
310647
310648
310654
310681
310713
310736
310744
310788
310790
310849
310873
310895
310912
311009
311019
311146
311178
311237
311243
311342
311445
311469
311615
311650
311671
311674
311687
311747
311852
311868
311889
311911
311970
312157
312216
312252
312258
312284
312314
312342
312379
312401
312462
312464
312478
312537
312547
312689
312762
312773
312777
312814
312837
312876
312942
313015
313040
313051
313056
313116
313171
313255
313267
313304
313358
313453
313539
313565
313712
313759
313779
313807
313875
314032
314056
314071
314075
314497
314604
314622
314640
314653
314674
314756
314777
314787
314806
314816
314858
314859
314958
314965
315100
315101
315120
315142
315147
315183
315239
315244
315263
315324
315364
315440
315473
315492
315570
315582
315720
315763
315768
315811
315838
315851
315934
316024
316049
316055
316063
316117
316222
316232
316304
316331
316407
316477
316544
316636
316641
316889
316896
316924
316925
317000
317007
317012
317016
317073
317077
317111
317245
317284
317379
317386
317519
317542
317544
317571
317602
317608
317687
317711
317745
317772
317807
317916
317934
317944
318088
318120
318170
318269
318279
318301
318366
318437
318493
318546
318592
318629
318657
318714
318733
318803
318978
319289
319308
319373
319448
319484
319564
319582
319737
320730
320820
321004
321104
321111
321134
321217
321600
321748
321846
321877
321941
321951
321959
321969
321974
322039
322040
322060
322130
322170
322200
322233
322250
322259
322261
322274
322297
322350
322382
322424
322519
322608
322676
322688
322695
322789
322799
322843
322864
322870
322879
322889
322958
322991
322998
323005
323135
323281
323296
323347
323367
323408
323442
323458
323504
323556
323567
323596
323598
323643
323736
323764
323904
323947
324086
324143
324156
324173
324218
324480
324533
324549
324582
324586
324594
324624
324631
324662
324670
324943
325025
325038
325051
325089
325125
325132
325242
325266
325281
325317
325409
325421
325575
325641
325693
325710
325715
325914
325950
326060
326116
326171
326173
326313
326468
326494
326530
326538
326791
326968
327035
327111
327149
327213
327279
327313
327326
327332
327354
327424
327518
327588
327699
327738
327749
327779
327842
327903
327907
327983
328064
328178
328399
328570
328573
328627
328645
328646
328756
328894
328975
329096
329146
329185
329204
329276
329383
329399
329446
329496
329589
329594
329619
329747
329878
329919
329931
329985
330080
330091
330215
330235
330299
330300
330402
330480
330483
330561
330562
330570
330576
330628
330640
330745
330788
330789
330834
330872
330982
331282
331309
331366
331511
331531
331682
331792
331846
332192
332344
332390
332459
332477
332480
332503
332576
332577
332581
332630
332751
332788
332851
332886
332974
333028
333198
333218
333220
333685
333820
333967
333971
334101
334163
334508
334532
334668
334683
334711
334727
334902
334911
334925
334982
335070
335130
335242
335283
335284
335339
335369
335433
335439
335561
335569
335615
335680
335726
335758
335780
335971
336094
336230
336265
336295
336336
336389
336494
336536
336663
336670
336674
336681
336840
337237
337303
337318
337410
337600
337630
337631
337681
337835
338095
338209
338230
338418
338713
338747
338939
338980
339082
339321
339355
339539
339702
339734
339898
340475
340644
340660
341112
341113
341216
341445
341453
341456
341457
341781
341805
341889
342120
342171
342388
342540
342541
342543
342544
342546
342547
342549
342550
342552
342558
342560
342561
342564
342567
342568
342569
342570
342571
342572
342575
342576
342578
342580
342585
342586
342588
342596
342597
342598
342604
342608
342610
342612
342613
342618
342619
342621
342625
342627
342637
342638
342640
342641
342644
342646
342648
342651
342652
342655
342657
342658
342659
342660
342661
342664
342665
342666
342667
342669
342671
342672
342673
342674
342675
342680
342682
342685
342689
342690
342691
342692
342694
342696
342697
342699
342700
342701
342708
342713
342717
342718
342721
342723
342724
342726
342728
342731
342732
342735
342736
342737
342746
342748
342752
342753
342757
342761
342763
342767
342771
342773
342776
342777
342781
342786
342788
342789
342792
342793
342795
342799
342802
342803
342806
342808
342812
342813
342814
342815
342819
342820
342821
342822
342824
342826
342827
342828
342832
342833
342843
342844
342848
342849
342857
342858
342860
342862
342869
342872
342875
342882
342884
342885
342888
342890
342892
342896
342897
342899
342904
342908
342910
342911
342912
342913
342914
342916
342918
342919
342921
342924
342925
342926
342927
342928
342929
342932
342934
342937
342938
342943
342947
342949
342950
342953
342954
342960
342961
342962
342967
342969
342972
342976
342982
342985
342989
342991
342994
342997
342999
343001
343004
343007
343009
343011
343013
343016
343017
343020
343021
343024
343028
343031
343032
343037
343045
343048
343053
343056
343057
343058
343062
343065
343066
343068
343072
343074
343079
343080
343090
343091
343096
343097
343101
343104
343105
343125
343126
343129
343132
343133
343141
343144
343149
343150
343159
343160
343161
343163
343174
343176
343178
343188
343191
343192
343193
343194
343195
343196
343197
343201
343208
343210
343215
343216
343219
343222
343228
343230
343232
343235
343240
343244
343247
343248
343249
343251
343256
343257
343260
343263
343269
343270
343272
343276
343285
343290
343292
343293
343298
343299
343301
343303
343304
343307
343308
343312
343313
343315
343330
343340
343348
343368
343369
343373
343376
343378
343379
343382
343391
343400
343401
343433
343435
343438
343439
343447
343454
343455
343460
343465
343466
343471
343482
343483
343489
343494
343496
343502
343505
343507
343513
343523
343526
343527
343541
343542
343550
343553
343564
343571
343633
343638
343639
343656
343697
343702
343703
343706
343711
343718
343739
343750
343755
343760
343851
1000001
1000002
1000003
1000004
1000005
754822274
